14000800019,'LN',15,,9855,2,4,,2,913,,9856,2,4,,2,30,,9857,2,4,,2,70,,9868,2,4,,2,30,,9877,2,4,,2,70,,9878,2,4,,2,30,,9879,2,4,,2,70,,9880,2,4,,2,30,,9881,2,4,,2,70,,9882,2,4,,2,30,,9883,2,4,,2,70,,9858,2,4,,2,30,,9859,2,4,,2,70,,9860,2,4,,2,30,,9861,2,4,,2,70,,9862,2,4,,2,30,,9863,2,4,,2,70,,9864,2,4,,2,30,,9865,2,4,,2,70,,9866,2,4,,2,30,,9867,2,4,,2,70,,9869,2,4,,2,30,,9870,2,4,,2,70,,9871,2,4,,2,30,,9872,2,4,,2,70,,9873,2,4,,2,30,,9874,2,4,,2,70,,9875,2,4,,2,30,,9876,2,4,,2
14000800019,'VNJA',15,,10255,2,4,,2,713,,10256,2,4,,2,30,,10257,2,4,,2,70,,10268,2,4,,2,30,,10271,2,4,,2,70,,10272,2,4,,2,30,,10273,2,4,,2,70,,10274,2,4,,2,30,,10275,2,4,,2,70,,10276,2,4,,2,30,,10277,2,4,,2,70,,10258,2,4,,2,30,,10259,2,4,,2,70,,10260,2,4,,2,30,,10261,2,4,,2,70,,10262,2,4,,2,30,,10263,2,4,,2,70,,10264,2,4,,2,30,,10265,2,4,,2,70,,10266,2,4,,2,30,,10267,2,4,,2,70,,10269,2,4,,2,30,,10270,2,4,,2
14000800019,'dim',15,,10573,2,4,,2,913,,10574,2,4,,2,30,,10575,2,4,,2,70,,10584,2,4,,2,30,,10585,2,4,,2,70,,10586,2,4,,2,30,,10587,2,4,,2,70,,10588,2,4,,2,30,,10589,2,4,,2,70,,10590,2,4,,2,30,,10591,2,4,,2,70,,10576,2,4,,2,30,,10577,2,4,,2,70,,10578,2,4,,2,30,,10579,2,4,,2,70,,10580,2,4,,2,30,,10581,2,4,,2,70,,10582,2,4,,2,30,,10583,2,4,,2
14000800019,'lun-ven',15,,10853,2,4,,2,713,,10854,2,4,,2,30,,10855,2,4,,2,70,,10866,2,4,,2,30,,10877,2,4,,2,70,,10880,2,4,,2,30,,10881,2,4,,2,70,,10882,2,4,,2,30,,10883,2,4,,2,70,,10884,2,4,,2,30,,10885,2,4,,2,70,,10856,2,4,,2,30,,10857,2,4,,2,70,,10858,2,4,,2,30,,10859,2,4,,2,70,,10860,2,4,,2,30,,10861,2,4,,2,70,,10862,2,4,,2,30,,10863,2,4,,2,70,,10864,2,4,,2,30,,10865,2,4,,2,70,,10867,2,4,,2,30,,10868,2,4,,2,70,,10869,2,4,,2,30,,10870,2,4,,2,70,,10871,2,4,,2,30,,10872,2,4,,2,70,,10873,2,4,,2,30,,10874,2,4,,2,70,,10875,2,4,,2,30,,10876,2,4,,2,70,,10878,2,4,,2,30,,10879,2,4,,2
14000800019,'sam',15,,11303,2,4,,2,813,,11304,2,4,,2,30,,11305,2,4,,2,70,,11316,2,4,,2,30,,11317,2,4,,2,70,,11318,2,4,,2,30,,11319,2,4,,2,70,,11320,2,4,,2,30,,11321,2,4,,2,70,,11322,2,4,,2,30,,11323,2,4,,2,70,,11306,2,4,,2,30,,11307,2,4,,2,70,,11308,2,4,,2,30,,11309,2,4,,2,70,,11310,2,4,,2,30,,11311,2,4,,2,70,,11312,2,4,,2,30,,11313,2,4,,2,70,,11314,2,4,,2,30,,11315,2,4,,2
14000810019,'LN',0,,11706,1,,,2,844,,11707,1,,,2,70,,11708,1,,,2,30,,11719,1,,,2,70,,11729,1,,,2,30,,11730,1,,,2,70,,11731,1,,,2,30,,11732,1,,,2,70,,11733,1,,,2,30,,11734,1,,,2,70,,11735,1,,,2,30,,11709,1,,,2,70,,11710,1,,,2,30,,11711,1,,,2,70,,11712,1,,,2,30,,11713,1,,,2,70,,11714,1,,,2,30,,11715,1,,,2,70,,11716,1,,,2,30,,11717,1,,,2,70,,11718,1,,,2,30,,11720,1,,,2,70,,11721,1,,,2,30,,11722,1,,,2,70,,11723,1,,,2,30,,11724,1,,,2,70,,11725,1,,,2,30,,11726,1,,,2,70,,11727,1,,,2,30,,11728,1,,,2
14000810019,'VNJA',0,,11736,1,,,2,644,,11737,1,,,2,70,,11738,1,,,2,30,,11749,1,,,2,70,,11753,1,,,2,30,,11754,1,,,2,70,,11755,1,,,2,30,,11756,1,,,2,70,,11757,1,,,2,30,,11758,1,,,2,70,,11759,1,,,2,30,,11739,1,,,2,70,,11740,1,,,2,30,,11741,1,,,2,70,,11742,1,,,2,30,,11743,1,,,2,70,,11744,1,,,2,30,,11745,1,,,2,70,,11746,1,,,2,30,,11747,1,,,2,70,,11748,1,,,2,30,,11750,1,,,2,70,,11751,1,,,2,30,,11752,1,,,2
14000810019,'dim',0,,11760,1,,,2,844,,11761,1,,,2,70,,11762,1,,,2,30,,11772,1,,,2,70,,11773,1,,,2,30,,11774,1,,,2,70,,11775,1,,,2,30,,11776,1,,,2,70,,11777,1,,,2,30,,11778,1,,,2,70,,11779,1,,,2,30,,11763,1,,,2,70,,11764,1,,,2,30,,11765,1,,,2,70,,11766,1,,,2,30,,11767,1,,,2,70,,11768,1,,,2,30,,11769,1,,,2,70,,11770,1,,,2,30,,11771,1,,,2
14000810019,'lun-ven',0,,11780,1,,,2,644,,11781,1,,,2,70,,11782,1,,,2,30,,11793,1,,,2,70,,11804,1,,,2,30,,11808,1,,,2,70,,11809,1,,,2,30,,11810,1,,,2,70,,11811,1,,,2,30,,11812,1,,,2,70,,11813,1,,,2,30,,11783,1,,,2,70,,11784,1,,,2,30,,11785,1,,,2,70,,11786,1,,,2,30,,11787,1,,,2,70,,11788,1,,,2,30,,11789,1,,,2,70,,11790,1,,,2,30,,11791,1,,,2,70,,11792,1,,,2,30,,11794,1,,,2,70,,11795,1,,,2,30,,11796,1,,,2,70,,11797,1,,,2,30,,11798,1,,,2,70,,11799,1,,,2,30,,11800,1,,,2,70,,11801,1,,,2,30,,11802,1,,,2,70,,11803,1,,,2,30,,11805,1,,,2,70,,11806,1,,,2,30,,11807,1,,,2
14000810019,'sam',0,,11814,1,,,2,744,,11815,1,,,2,70,,11816,1,,,2,30,,11827,1,,,2,70,,11829,1,,,2,30,,11830,1,,,2,70,,11831,1,,,2,30,,11832,1,,,2,70,,11833,1,,,2,30,,11834,1,,,2,70,,11835,1,,,2,30,,11817,1,,,2,70,,11818,1,,,2,30,,11819,1,,,2,70,,11820,1,,,2,30,,11821,1,,,2,70,,11822,1,,,2,30,,11823,1,,,2,70,,11824,1,,,2,30,,11825,1,,,2,70,,11826,1,,,2,30,,11828,1,,,2
