14000800019,'LN',15,,9884,2,4,,2,913,,9885,2,4,,2,30,,9886,2,4,,2,70,,9897,2,4,,2,30,,9906,2,4,,2,70,,9907,2,4,,2,30,,9908,2,4,,2,70,,9909,2,4,,2,30,,9910,2,4,,2,70,,9911,2,4,,2,30,,9912,2,4,,2,70,,9887,2,4,,2,30,,9888,2,4,,2,70,,9889,2,4,,2,30,,9890,2,4,,2,70,,9891,2,4,,2,30,,9892,2,4,,2,70,,9893,2,4,,2,30,,9894,2,4,,2,70,,9895,2,4,,2,30,,9896,2,4,,2,70,,9898,2,4,,2,30,,9899,2,4,,2,70,,9900,2,4,,2,30,,9901,2,4,,2,70,,9902,2,4,,2,30,,9903,2,4,,2,70,,9904,2,4,,2,30,,9905,2,4,,2
14000800019,'VNJA',15,,10278,2,4,,2,713,,10279,2,4,,2,30,,10280,2,4,,2,70,,10291,2,4,,2,30,,10294,2,4,,2,70,,10295,2,4,,2,30,,10296,2,4,,2,70,,10297,2,4,,2,30,,10298,2,4,,2,70,,10299,2,4,,2,30,,10300,2,4,,2,70,,10281,2,4,,2,30,,10282,2,4,,2,70,,10283,2,4,,2,30,,10284,2,4,,2,70,,10285,2,4,,2,30,,10286,2,4,,2,70,,10287,2,4,,2,30,,10288,2,4,,2,70,,10289,2,4,,2,30,,10290,2,4,,2,70,,10292,2,4,,2,30,,10293,2,4,,2
14000800019,'dim',15,,10592,2,4,,2,913,,10593,2,4,,2,30,,10594,2,4,,2,70,,10603,2,4,,2,30,,10604,2,4,,2,70,,10605,2,4,,2,30,,10606,2,4,,2,70,,10607,2,4,,2,30,,10608,2,4,,2,70,,10609,2,4,,2,30,,10610,2,4,,2,70,,10595,2,4,,2,30,,10596,2,4,,2,70,,10597,2,4,,2,30,,10598,2,4,,2,70,,10599,2,4,,2,30,,10600,2,4,,2,70,,10601,2,4,,2,30,,10602,2,4,,2
14000800019,'lun-ven',15,,10886,2,4,,2,713,,10887,2,4,,2,30,,10888,2,4,,2,70,,10899,2,4,,2,30,,10910,2,4,,2,70,,10913,2,4,,2,30,,10914,2,4,,2,70,,10915,2,4,,2,30,,10916,2,4,,2,70,,10917,2,4,,2,30,,10918,2,4,,2,70,,10889,2,4,,2,30,,10890,2,4,,2,70,,10891,2,4,,2,30,,10892,2,4,,2,70,,10893,2,4,,2,30,,10894,2,4,,2,70,,10895,2,4,,2,30,,10896,2,4,,2,70,,10897,2,4,,2,30,,10898,2,4,,2,70,,10900,2,4,,2,30,,10901,2,4,,2,70,,10902,2,4,,2,30,,10903,2,4,,2,70,,10904,2,4,,2,30,,10905,2,4,,2,70,,10906,2,4,,2,30,,10907,2,4,,2,70,,10908,2,4,,2,30,,10909,2,4,,2,70,,10911,2,4,,2,30,,10912,2,4,,2
14000800019,'sam',15,,11324,2,4,,2,813,,11325,2,4,,2,30,,11326,2,4,,2,70,,11337,2,4,,2,30,,11338,2,4,,2,70,,11339,2,4,,2,30,,11340,2,4,,2,70,,11341,2,4,,2,30,,11342,2,4,,2,70,,11343,2,4,,2,30,,11344,2,4,,2,70,,11327,2,4,,2,30,,11328,2,4,,2,70,,11329,2,4,,2,30,,11330,2,4,,2,70,,11331,2,4,,2,30,,11332,2,4,,2,70,,11333,2,4,,2,30,,11334,2,4,,2,70,,11335,2,4,,2,30,,11336,2,4,,2
14000820019,'LN',0,,11836,1,,,2,846,,11837,1,,,2,70,,11838,1,,,2,30,,11849,1,,,2,70,,11859,1,,,2,30,,11860,1,,,2,70,,11861,1,,,2,30,,11862,1,,,2,70,,11863,1,,,2,30,,11864,1,,,2,70,,11865,1,,,2,30,,11839,1,,,2,70,,11840,1,,,2,30,,11841,1,,,2,70,,11842,1,,,2,30,,11843,1,,,2,70,,11844,1,,,2,30,,11845,1,,,2,70,,11846,1,,,2,30,,11847,1,,,2,70,,11848,1,,,2,30,,11850,1,,,2,70,,11851,1,,,2,30,,11852,1,,,2,70,,11853,1,,,2,30,,11854,1,,,2,70,,11855,1,,,2,30,,11856,1,,,2,70,,11857,1,,,2,30,,11858,1,,,2
14000820019,'VNJA',0,,11866,1,,,2,646,,11867,1,,,2,70,,11868,1,,,2,30,,11879,1,,,2,70,,11883,1,,,2,30,,11884,1,,,2,70,,11885,1,,,2,30,,11886,1,,,2,70,,11887,1,,,2,30,,11888,1,,,2,70,,11889,1,,,2,30,,11869,1,,,2,70,,11870,1,,,2,30,,11871,1,,,2,70,,11872,1,,,2,30,,11873,1,,,2,70,,11874,1,,,2,30,,11875,1,,,2,70,,11876,1,,,2,30,,11877,1,,,2,70,,11878,1,,,2,30,,11880,1,,,2,70,,11881,1,,,2,30,,11882,1,,,2
14000820019,'dim',0,,11890,1,,,2,846,,11891,1,,,2,70,,11892,1,,,2,30,,11902,1,,,2,70,,11903,1,,,2,30,,11904,1,,,2,70,,11905,1,,,2,30,,11906,1,,,2,70,,11907,1,,,2,30,,11908,1,,,2,70,,11909,1,,,2,30,,11893,1,,,2,70,,11894,1,,,2,30,,11895,1,,,2,70,,11896,1,,,2,30,,11897,1,,,2,70,,11898,1,,,2,30,,11899,1,,,2,70,,11900,1,,,2,30,,11901,1,,,2
14000820019,'lun-ven',0,,11910,1,,,2,646,,11911,1,,,2,70,,11912,1,,,2,30,,11923,1,,,2,70,,11934,1,,,2,30,,11938,1,,,2,70,,11939,1,,,2,30,,11940,1,,,2,70,,11941,1,,,2,30,,11942,1,,,2,70,,11943,1,,,2,30,,11913,1,,,2,70,,11914,1,,,2,30,,11915,1,,,2,70,,11916,1,,,2,30,,11917,1,,,2,70,,11918,1,,,2,30,,11919,1,,,2,70,,11920,1,,,2,30,,11921,1,,,2,70,,11922,1,,,2,30,,11924,1,,,2,70,,11925,1,,,2,30,,11926,1,,,2,70,,11927,1,,,2,30,,11928,1,,,2,70,,11929,1,,,2,30,,11930,1,,,2,70,,11931,1,,,2,30,,11932,1,,,2,70,,11933,1,,,2,30,,11935,1,,,2,70,,11936,1,,,2,30,,11937,1,,,2
14000820019,'sam',0,,11944,1,,,2,746,,11945,1,,,2,70,,11946,1,,,2,30,,11957,1,,,2,70,,11959,1,,,2,30,,11960,1,,,2,70,,11961,1,,,2,30,,11962,1,,,2,70,,11963,1,,,2,30,,11964,1,,,2,70,,11965,1,,,2,30,,11947,1,,,2,70,,11948,1,,,2,30,,11949,1,,,2,70,,11950,1,,,2,30,,11951,1,,,2,70,,11952,1,,,2,30,,11953,1,,,2,70,,11954,1,,,2,30,,11955,1,,,2,70,,11956,1,,,2,30,,11958,1,,,2
