10000500019,'LN',13,,6380,2,4,,2,908,,6381,2,4,,2,30,,6382,2,4,,2,70,,6393,2,4,,2,30,,6402,2,4,,2,70,,6403,2,4,,2,30,,6404,2,4,,2,70,,6405,2,4,,2,30,,6406,2,4,,2,70,,6407,2,4,,2,30,,6408,2,4,,2,70,,6383,2,4,,2,30,,6384,2,4,,2,70,,6385,2,4,,2,30,,6386,2,4,,2,70,,6387,2,4,,2,30,,6388,2,4,,2,70,,6389,2,4,,2,30,,6390,2,4,,2,70,,6391,2,4,,2,30,,6392,2,4,,2,70,,6394,2,4,,2,30,,6395,2,4,,2,70,,6396,2,4,,2,30,,6397,2,4,,2,70,,6398,2,4,,2,30,,6399,2,4,,2,70,,6400,2,4,,2,30,,6401,2,4,,2
10000500019,'VNJA',13,,6681,2,4,,2,708,,6682,2,4,,2,30,,6683,2,4,,2,70,,6694,2,4,,2,30,,6697,2,4,,2,70,,6698,2,4,,2,30,,6699,2,4,,2,70,,6700,2,4,,2,30,,6701,2,4,,2,70,,6702,2,4,,2,30,,6703,2,4,,2,70,,6684,2,4,,2,30,,6685,2,4,,2,70,,6686,2,4,,2,30,,6687,2,4,,2,70,,6688,2,4,,2,30,,6689,2,4,,2,70,,6690,2,4,,2,30,,6691,2,4,,2,70,,6692,2,4,,2,30,,6693,2,4,,2,70,,6695,2,4,,2,30,,6696,2,4,,2
10000500019,'dim',13,,6922,2,4,,2,908,,6923,2,4,,2,30,,6924,2,4,,2,70,,6933,2,4,,2,30,,6934,2,4,,2,70,,6935,2,4,,2,30,,6936,2,4,,2,70,,6937,2,4,,2,30,,6938,2,4,,2,70,,6939,2,4,,2,30,,6940,2,4,,2,70,,6925,2,4,,2,30,,6926,2,4,,2,70,,6927,2,4,,2,30,,6928,2,4,,2,70,,6929,2,4,,2,30,,6930,2,4,,2,70,,6931,2,4,,2,30,,6932,2,4,,2
10000500019,'lun-ven',13,,7173,2,4,,2,708,,7174,2,4,,2,30,,7175,2,4,,2,70,,7186,2,4,,2,30,,7197,2,4,,2,70,,7200,2,4,,2,30,,7201,2,4,,2,70,,7202,2,4,,2,30,,7203,2,4,,2,70,,7204,2,4,,2,30,,7205,2,4,,2,70,,7176,2,4,,2,30,,7177,2,4,,2,70,,7178,2,4,,2,30,,7179,2,4,,2,70,,7180,2,4,,2,30,,7181,2,4,,2,70,,7182,2,4,,2,30,,7183,2,4,,2,70,,7184,2,4,,2,30,,7185,2,4,,2,70,,7187,2,4,,2,30,,7188,2,4,,2,70,,7189,2,4,,2,30,,7190,2,4,,2,70,,7191,2,4,,2,30,,7192,2,4,,2,70,,7193,2,4,,2,30,,7194,2,4,,2,70,,7195,2,4,,2,30,,7196,2,4,,2,70,,7198,2,4,,2,30,,7199,2,4,,2
10000500019,'sam',13,,7500,2,4,,2,808,,7501,2,4,,2,30,,7502,2,4,,2,70,,7513,2,4,,2,30,,7514,2,4,,2,70,,7515,2,4,,2,30,,7516,2,4,,2,70,,7517,2,4,,2,30,,7518,2,4,,2,70,,7519,2,4,,2,30,,7520,2,4,,2,70,,7503,2,4,,2,30,,7504,2,4,,2,70,,7505,2,4,,2,30,,7506,2,4,,2,70,,7507,2,4,,2,30,,7508,2,4,,2,70,,7509,2,4,,2,30,,7510,2,4,,2,70,,7511,2,4,,2,30,,7512,2,4,,2
10000520019,'LN',0,,8052,1,,,2,922,,8053,1,,,2,30,,8054,1,,,2,70,,8065,1,,,2,30,,8074,1,,,2,70,,8075,1,,,2,30,,8076,1,,,2,70,,8077,1,,,2,30,,8078,1,,,2,70,,8079,1,,,2,30,,8080,1,,,2,70,,8055,1,,,2,30,,8056,1,,,2,70,,8057,1,,,2,30,,8058,1,,,2,70,,8059,1,,,2,30,,8060,1,,,2,70,,8061,1,,,2,30,,8062,1,,,2,70,,8063,1,,,2,30,,8064,1,,,2,70,,8066,1,,,2,30,,8067,1,,,2,70,,8068,1,,,2,30,,8069,1,,,2,70,,8070,1,,,2,30,,8071,1,,,2,70,,8072,1,,,2,30,,8073,1,,,2
10000520019,'VNJA',0,,8081,1,,,2,652,,8082,1,,,2,70,,8083,1,,,2,30,,8094,1,,,2,70,,8098,1,,,2,30,,8099,1,,,2,70,,8100,1,,,2,30,,8101,1,,,2,70,,8102,1,,,2,30,,8103,1,,,2,70,,8104,1,,,2,30,,8084,1,,,2,70,,8085,1,,,2,30,,8086,1,,,2,70,,8087,1,,,2,30,,8088,1,,,2,70,,8089,1,,,2,30,,8090,1,,,2,70,,8091,1,,,2,30,,8092,1,,,2,70,,8093,1,,,2,30,,8095,1,,,2,70,,8096,1,,,2,30,,8097,1,,,2
10000520019,'dim',0,,8105,1,,,2,922,,8106,1,,,2,30,,8107,1,,,2,70,,8116,1,,,2,30,,8117,1,,,2,70,,8118,1,,,2,30,,8119,1,,,2,70,,8120,1,,,2,30,,8121,1,,,2,70,,8122,1,,,2,30,,8123,1,,,2,70,,8108,1,,,2,30,,8109,1,,,2,70,,8110,1,,,2,30,,8111,1,,,2,70,,8112,1,,,2,30,,8113,1,,,2,70,,8114,1,,,2,30,,8115,1,,,2
10000520019,'lun-ven',0,,8124,1,,,2,652,,8125,1,,,2,70,,8126,1,,,2,30,,8137,1,,,2,70,,8148,1,,,2,30,,8152,1,,,2,70,,8153,1,,,2,30,,8154,1,,,2,70,,8155,1,,,2,30,,8156,1,,,2,70,,8157,1,,,2,30,,8127,1,,,2,70,,8128,1,,,2,30,,8129,1,,,2,70,,8130,1,,,2,30,,8131,1,,,2,70,,8132,1,,,2,30,,8133,1,,,2,70,,8134,1,,,2,30,,8135,1,,,2,70,,8136,1,,,2,30,,8138,1,,,2,70,,8139,1,,,2,30,,8140,1,,,2,70,,8141,1,,,2,30,,8142,1,,,2,70,,8143,1,,,2,30,,8144,1,,,2,70,,8145,1,,,2,30,,8146,1,,,2,70,,8147,1,,,2,30,,8149,1,,,2,70,,8150,1,,,2,30,,8151,1,,,2
10000520019,'sam',0,,8158,1,,,2,752,,8159,1,,,2,70,,8160,1,,,2,30,,8171,1,,,2,70,,8173,1,,,2,30,,8174,1,,,2,70,,8175,1,,,2,30,,8176,1,,,2,70,,8177,1,,,2,30,,8178,1,,,2,70,,8179,1,,,2,30,,8161,1,,,2,70,,8162,1,,,2,30,,8163,1,,,2,70,,8164,1,,,2,30,,8165,1,,,2,70,,8166,1,,,2,30,,8167,1,,,2,70,,8168,1,,,2,30,,8169,1,,,2,70,,8170,1,,,2,30,,8172,1,,,2
