7000100019,'LN',7,,3946,2,4,,2,913,,3947,2,4,,2,30,,3948,2,4,,2,70,,3959,2,4,,2,30,,3968,2,4,,2,70,,3969,2,4,,2,30,,3970,2,4,,2,70,,3971,2,4,,2,30,,3972,2,4,,2,70,,3973,2,4,,2,30,,3974,2,4,,2,70,,3949,2,4,,2,30,,3950,2,4,,2,70,,3951,2,4,,2,30,,3952,2,4,,2,70,,3953,2,4,,2,30,,3954,2,4,,2,70,,3955,2,4,,2,30,,3956,2,4,,2,70,,3957,2,4,,2,30,,3958,2,4,,2,70,,3960,2,4,,2,30,,3961,2,4,,2,70,,3962,2,4,,2,30,,3963,2,4,,2,70,,3964,2,4,,2,30,,3965,2,4,,2,70,,3966,2,4,,2,30,,3967,2,4,,2
7000100019,'VNJA',7,,4194,2,4,,2,713,,4195,2,4,,2,30,,4196,2,4,,2,70,,4207,2,4,,2,30,,4210,2,4,,2,70,,4211,2,4,,2,30,,4212,2,4,,2,70,,4213,2,4,,2,30,,4214,2,4,,2,70,,4215,2,4,,2,30,,4216,2,4,,2,70,,4197,2,4,,2,30,,4198,2,4,,2,70,,4199,2,4,,2,30,,4200,2,4,,2,70,,4201,2,4,,2,30,,4202,2,4,,2,70,,4203,2,4,,2,30,,4204,2,4,,2,70,,4205,2,4,,2,30,,4206,2,4,,2,70,,4208,2,4,,2,30,,4209,2,4,,2
7000100019,'dim',7,,4396,2,4,,2,913,,4397,2,4,,2,30,,4398,2,4,,2,70,,4407,2,4,,2,30,,4408,2,4,,2,70,,4409,2,4,,2,30,,4410,2,4,,2,70,,4411,2,4,,2,30,,4412,2,4,,2,70,,4413,2,4,,2,30,,4414,2,4,,2,70,,4399,2,4,,2,30,,4400,2,4,,2,70,,4401,2,4,,2,30,,4402,2,4,,2,70,,4403,2,4,,2,30,,4404,2,4,,2,70,,4405,2,4,,2,30,,4406,2,4,,2
7000100019,'lun-ven',7,,4684,2,4,,2,713,,4685,2,4,,2,30,,4686,2,4,,2,70,,4697,2,4,,2,30,,4708,2,4,,2,70,,4711,2,4,,2,30,,4712,2,4,,2,70,,4713,2,4,,2,30,,4714,2,4,,2,70,,4715,2,4,,2,30,,4716,2,4,,2,70,,4687,2,4,,2,30,,4688,2,4,,2,70,,4689,2,4,,2,30,,4690,2,4,,2,70,,4691,2,4,,2,30,,4692,2,4,,2,70,,4693,2,4,,2,30,,4694,2,4,,2,70,,4695,2,4,,2,30,,4696,2,4,,2,70,,4698,2,4,,2,30,,4699,2,4,,2,70,,4700,2,4,,2,30,,4701,2,4,,2,70,,4702,2,4,,2,30,,4703,2,4,,2,70,,4704,2,4,,2,30,,4705,2,4,,2,70,,4706,2,4,,2,30,,4707,2,4,,2,70,,4709,2,4,,2,30,,4710,2,4,,2
7000100019,'sam',7,,4930,2,4,,2,813,,4931,2,4,,2,30,,4932,2,4,,2,70,,4943,2,4,,2,30,,4944,2,4,,2,70,,4945,2,4,,2,30,,4946,2,4,,2,70,,4947,2,4,,2,30,,4948,2,4,,2,70,,4949,2,4,,2,30,,4950,2,4,,2,70,,4933,2,4,,2,30,,4934,2,4,,2,70,,4935,2,4,,2,30,,4936,2,4,,2,70,,4937,2,4,,2,30,,4938,2,4,,2,70,,4939,2,4,,2,30,,4940,2,4,,2,70,,4941,2,4,,2,30,,4942,2,4,,2
7000150019,'LN',0,,5903,1,,,2,900,,5904,1,,,2,30,,5905,1,,,2,70,,5916,1,,,2,30,,5926,1,,,2,70,,5927,1,,,2,30,,5928,1,,,2,70,,5929,1,,,2,30,,5930,1,,,2,70,,5931,1,,,2,30,,5932,1,,,2,70,,5906,1,,,2,30,,5907,1,,,2,70,,5908,1,,,2,30,,5909,1,,,2,70,,5910,1,,,2,30,,5911,1,,,2,70,,5912,1,,,2,30,,5913,1,,,2,70,,5914,1,,,2,30,,5915,1,,,2,70,,5917,1,,,2,30,,5918,1,,,2,70,,5919,1,,,2,30,,5920,1,,,2,70,,5921,1,,,2,30,,5922,1,,,2,70,,5923,1,,,2,30,,5924,1,,,2,70,,5925,1,,,2
7000150019,'VNJA',0,,5933,1,,,2,700,,5934,1,,,2,30,,5935,1,,,2,70,,5946,1,,,2,30,,5950,1,,,2,70,,5951,1,,,2,30,,5952,1,,,2,70,,5953,1,,,2,30,,5954,1,,,2,70,,5955,1,,,2,30,,5956,1,,,2,70,,5936,1,,,2,30,,5937,1,,,2,70,,5938,1,,,2,30,,5939,1,,,2,70,,5940,1,,,2,30,,5941,1,,,2,70,,5942,1,,,2,30,,5943,1,,,2,70,,5944,1,,,2,30,,5945,1,,,2,70,,5947,1,,,2,30,,5948,1,,,2,70,,5949,1,,,2
7000150019,'dim',0,,5957,1,,,2,900,,5958,1,,,2,30,,5959,1,,,2,70,,5969,1,,,2,30,,5970,1,,,2,70,,5971,1,,,2,30,,5972,1,,,2,70,,5973,1,,,2,30,,5974,1,,,2,70,,5975,1,,,2,30,,5976,1,,,2,70,,5960,1,,,2,30,,5961,1,,,2,70,,5962,1,,,2,30,,5963,1,,,2,70,,5964,1,,,2,30,,5965,1,,,2,70,,5966,1,,,2,30,,5967,1,,,2,70,,5968,1,,,2
7000150019,'lun-ven',0,,5977,1,,,2,700,,5978,1,,,2,30,,5979,1,,,2,70,,5990,1,,,2,30,,6001,1,,,2,70,,6005,1,,,2,30,,6006,1,,,2,70,,6007,1,,,2,30,,6008,1,,,2,70,,6009,1,,,2,30,,6010,1,,,2,70,,5980,1,,,2,30,,5981,1,,,2,70,,5982,1,,,2,30,,5983,1,,,2,70,,5984,1,,,2,30,,5985,1,,,2,70,,5986,1,,,2,30,,5987,1,,,2,70,,5988,1,,,2,30,,5989,1,,,2,70,,5991,1,,,2,30,,5992,1,,,2,70,,5993,1,,,2,30,,5994,1,,,2,70,,5995,1,,,2,30,,5996,1,,,2,70,,5997,1,,,2,30,,5998,1,,,2,70,,5999,1,,,2,30,,6000,1,,,2,70,,6002,1,,,2,30,,6003,1,,,2,70,,6004,1,,,2
7000150019,'sam',0,,6011,1,,,2,800,,6012,1,,,2,30,,6013,1,,,2,70,,6024,1,,,2,30,,6026,1,,,2,70,,6027,1,,,2,30,,6028,1,,,2,70,,6029,1,,,2,30,,6030,1,,,2,70,,6031,1,,,2,30,,6032,1,,,2,70,,6014,1,,,2,30,,6015,1,,,2,70,,6016,1,,,2,30,,6017,1,,,2,70,,6018,1,,,2,30,,6019,1,,,2,70,,6020,1,,,2,30,,6021,1,,,2,70,,6022,1,,,2,30,,6023,1,,,2,70,,6025,1,,,2
