22000200019,'LN',7,,14044,2,4,,2,918,,14045,2,4,,2,30,,14046,2,4,,2,70,,14057,2,4,,2,30,,14066,2,4,,2,70,,14067,2,4,,2,30,,14068,2,4,,2,70,,14069,2,4,,2,30,,14070,2,4,,2,70,,14071,2,4,,2,30,,14072,2,4,,2,70,,14047,2,4,,2,30,,14048,2,4,,2,70,,14049,2,4,,2,30,,14050,2,4,,2,70,,14051,2,4,,2,30,,14052,2,4,,2,70,,14053,2,4,,2,30,,14054,2,4,,2,70,,14055,2,4,,2,30,,14056,2,4,,2,70,,14058,2,4,,2,30,,14059,2,4,,2,70,,14060,2,4,,2,30,,14061,2,4,,2,70,,14062,2,4,,2,30,,14063,2,4,,2,70,,14064,2,4,,2,30,,14065,2,4,,2
22000200019,'VNJA',7,,14217,2,4,,2,718,,14218,2,4,,2,30,,14219,2,4,,2,70,,14230,2,4,,2,30,,14233,2,4,,2,70,,14234,2,4,,2,30,,14235,2,4,,2,70,,14236,2,4,,2,30,,14237,2,4,,2,70,,14238,2,4,,2,30,,14239,2,4,,2,70,,14220,2,4,,2,30,,14221,2,4,,2,70,,14222,2,4,,2,30,,14223,2,4,,2,70,,14224,2,4,,2,30,,14225,2,4,,2,70,,14226,2,4,,2,30,,14227,2,4,,2,70,,14228,2,4,,2,30,,14229,2,4,,2,70,,14231,2,4,,2,30,,14232,2,4,,2
22000200019,'dim',7,,14358,2,4,,2,918,,14359,2,4,,2,30,,14360,2,4,,2,70,,14369,2,4,,2,30,,14370,2,4,,2,70,,14371,2,4,,2,30,,14372,2,4,,2,70,,14373,2,4,,2,30,,14374,2,4,,2,70,,14375,2,4,,2,30,,14376,2,4,,2,70,,14361,2,4,,2,30,,14362,2,4,,2,70,,14363,2,4,,2,30,,14364,2,4,,2,70,,14365,2,4,,2,30,,14366,2,4,,2,70,,14367,2,4,,2,30,,14368,2,4,,2
22000200019,'lun-ven',7,,14561,2,4,,2,718,,14562,2,4,,2,30,,14563,2,4,,2,70,,14574,2,4,,2,30,,14585,2,4,,2,70,,14588,2,4,,2,30,,14589,2,4,,2,70,,14590,2,4,,2,30,,14591,2,4,,2,70,,14592,2,4,,2,30,,14593,2,4,,2,70,,14564,2,4,,2,30,,14565,2,4,,2,70,,14566,2,4,,2,30,,14567,2,4,,2,70,,14568,2,4,,2,30,,14569,2,4,,2,70,,14570,2,4,,2,30,,14571,2,4,,2,70,,14572,2,4,,2,30,,14573,2,4,,2,70,,14575,2,4,,2,30,,14576,2,4,,2,70,,14577,2,4,,2,30,,14578,2,4,,2,70,,14579,2,4,,2,30,,14580,2,4,,2,70,,14581,2,4,,2,30,,14582,2,4,,2,70,,14583,2,4,,2,30,,14584,2,4,,2,70,,14586,2,4,,2,30,,14587,2,4,,2
22000200019,'sam',7,,14732,2,4,,2,818,,14733,2,4,,2,30,,14734,2,4,,2,70,,14745,2,4,,2,30,,14746,2,4,,2,70,,14747,2,4,,2,30,,14748,2,4,,2,70,,14749,2,4,,2,30,,14750,2,4,,2,70,,14751,2,4,,2,30,,14752,2,4,,2,70,,14735,2,4,,2,30,,14736,2,4,,2,70,,14737,2,4,,2,30,,14738,2,4,,2,70,,14739,2,4,,2,30,,14740,2,4,,2,70,,14741,2,4,,2,30,,14742,2,4,,2,70,,14743,2,4,,2,30,,14744,2,4,,2
22000250019,'LN',0,,15399,1,,,2,902,,15400,1,,,2,30,,15401,1,,,2,70,,15412,1,,,2,30,,15421,1,,,2,70,,15422,1,,,2,30,,15423,1,,,2,70,,15424,1,,,2,30,,15425,1,,,2,70,,15426,1,,,2,30,,15427,1,,,2,70,,15402,1,,,2,30,,15403,1,,,2,70,,15404,1,,,2,30,,15405,1,,,2,70,,15406,1,,,2,30,,15407,1,,,2,70,,15408,1,,,2,30,,15409,1,,,2,70,,15410,1,,,2,30,,15411,1,,,2,70,,15413,1,,,2,30,,15414,1,,,2,70,,15415,1,,,2,30,,15416,1,,,2,70,,15417,1,,,2,30,,15418,1,,,2,70,,15419,1,,,2,30,,15420,1,,,2
22000250019,'VNJA',0,,15428,1,,,2,702,,15429,1,,,2,30,,15430,1,,,2,70,,15441,1,,,2,30,,15444,1,,,2,70,,15445,1,,,2,30,,15446,1,,,2,70,,15447,1,,,2,30,,15448,1,,,2,70,,15449,1,,,2,30,,15450,1,,,2,70,,15431,1,,,2,30,,15432,1,,,2,70,,15433,1,,,2,30,,15434,1,,,2,70,,15435,1,,,2,30,,15436,1,,,2,70,,15437,1,,,2,30,,15438,1,,,2,70,,15439,1,,,2,30,,15440,1,,,2,70,,15442,1,,,2,30,,15443,1,,,2
22000250019,'dim',0,,15451,1,,,2,902,,15452,1,,,2,30,,15453,1,,,2,70,,15462,1,,,2,30,,15463,1,,,2,70,,15464,1,,,2,30,,15465,1,,,2,70,,15466,1,,,2,30,,15467,1,,,2,70,,15468,1,,,2,30,,15469,1,,,2,70,,15454,1,,,2,30,,15455,1,,,2,70,,15456,1,,,2,30,,15457,1,,,2,70,,15458,1,,,2,30,,15459,1,,,2,70,,15460,1,,,2,30,,15461,1,,,2
22000250019,'lun-ven',0,,15470,1,,,2,702,,15471,1,,,2,30,,15472,1,,,2,70,,15483,1,,,2,30,,15494,1,,,2,70,,15497,1,,,2,30,,15498,1,,,2,70,,15499,1,,,2,30,,15500,1,,,2,70,,15501,1,,,2,30,,15502,1,,,2,70,,15473,1,,,2,30,,15474,1,,,2,70,,15475,1,,,2,30,,15476,1,,,2,70,,15477,1,,,2,30,,15478,1,,,2,70,,15479,1,,,2,30,,15480,1,,,2,70,,15481,1,,,2,30,,15482,1,,,2,70,,15484,1,,,2,30,,15485,1,,,2,70,,15486,1,,,2,30,,15487,1,,,2,70,,15488,1,,,2,30,,15489,1,,,2,70,,15490,1,,,2,30,,15491,1,,,2,70,,15492,1,,,2,30,,15493,1,,,2,70,,15495,1,,,2,30,,15496,1,,,2
22000250019,'sam',0,,15503,1,,,2,802,,15504,1,,,2,30,,15505,1,,,2,70,,15516,1,,,2,30,,15517,1,,,2,70,,15518,1,,,2,30,,15519,1,,,2,70,,15520,1,,,2,30,,15521,1,,,2,70,,15522,1,,,2,30,,15523,1,,,2,70,,15506,1,,,2,30,,15507,1,,,2,70,,15508,1,,,2,30,,15509,1,,,2,70,,15510,1,,,2,30,,15511,1,,,2,70,,15512,1,,,2,30,,15513,1,,,2,70,,15514,1,,,2,30,,15515,1,,,2
