7000100019,'LN',15,,3743,2,4,,2,913,,3744,2,4,,2,30,,3745,2,4,,2,70,,3756,2,4,,2,30,,3765,2,4,,2,70,,3766,2,4,,2,30,,3767,2,4,,2,70,,3768,2,4,,2,30,,3769,2,4,,2,70,,3770,2,4,,2,30,,3771,2,4,,2,70,,3746,2,4,,2,30,,3747,2,4,,2,70,,3748,2,4,,2,30,,3749,2,4,,2,70,,3750,2,4,,2,30,,3751,2,4,,2,70,,3752,2,4,,2,30,,3753,2,4,,2,70,,3754,2,4,,2,30,,3755,2,4,,2,70,,3757,2,4,,2,30,,3758,2,4,,2,70,,3759,2,4,,2,30,,3760,2,4,,2,70,,3761,2,4,,2,30,,3762,2,4,,2,70,,3763,2,4,,2,30,,3764,2,4,,2
7000100019,'VNJA',15,,4033,2,4,,2,713,,4034,2,4,,2,30,,4035,2,4,,2,70,,4046,2,4,,2,30,,4049,2,4,,2,70,,4050,2,4,,2,30,,4051,2,4,,2,70,,4052,2,4,,2,30,,4053,2,4,,2,70,,4054,2,4,,2,30,,4055,2,4,,2,70,,4036,2,4,,2,30,,4037,2,4,,2,70,,4038,2,4,,2,30,,4039,2,4,,2,70,,4040,2,4,,2,30,,4041,2,4,,2,70,,4042,2,4,,2,30,,4043,2,4,,2,70,,4044,2,4,,2,30,,4045,2,4,,2,70,,4047,2,4,,2,30,,4048,2,4,,2
7000100019,'dim',15,,4263,2,4,,2,913,,4264,2,4,,2,30,,4265,2,4,,2,70,,4274,2,4,,2,30,,4275,2,4,,2,70,,4276,2,4,,2,30,,4277,2,4,,2,70,,4278,2,4,,2,30,,4279,2,4,,2,70,,4280,2,4,,2,30,,4281,2,4,,2,70,,4266,2,4,,2,30,,4267,2,4,,2,70,,4268,2,4,,2,30,,4269,2,4,,2,70,,4270,2,4,,2,30,,4271,2,4,,2,70,,4272,2,4,,2,30,,4273,2,4,,2
7000100019,'lun-ven',15,,4453,2,4,,2,713,,4454,2,4,,2,30,,4455,2,4,,2,70,,4466,2,4,,2,30,,4477,2,4,,2,70,,4480,2,4,,2,30,,4481,2,4,,2,70,,4482,2,4,,2,30,,4483,2,4,,2,70,,4484,2,4,,2,30,,4485,2,4,,2,70,,4456,2,4,,2,30,,4457,2,4,,2,70,,4458,2,4,,2,30,,4459,2,4,,2,70,,4460,2,4,,2,30,,4461,2,4,,2,70,,4462,2,4,,2,30,,4463,2,4,,2,70,,4464,2,4,,2,30,,4465,2,4,,2,70,,4467,2,4,,2,30,,4468,2,4,,2,70,,4469,2,4,,2,30,,4470,2,4,,2,70,,4471,2,4,,2,30,,4472,2,4,,2,70,,4473,2,4,,2,30,,4474,2,4,,2,70,,4475,2,4,,2,30,,4476,2,4,,2,70,,4478,2,4,,2,30,,4479,2,4,,2
7000100019,'sam',15,,4783,2,4,,2,813,,4784,2,4,,2,30,,4785,2,4,,2,70,,4796,2,4,,2,30,,4797,2,4,,2,70,,4798,2,4,,2,30,,4799,2,4,,2,70,,4800,2,4,,2,30,,4801,2,4,,2,70,,4802,2,4,,2,30,,4803,2,4,,2,70,,4786,2,4,,2,30,,4787,2,4,,2,70,,4788,2,4,,2,30,,4789,2,4,,2,70,,4790,2,4,,2,30,,4791,2,4,,2,70,,4792,2,4,,2,30,,4793,2,4,,2,70,,4794,2,4,,2,30,,4795,2,4,,2
7000110019,'LN',0,,4993,1,,,2,847,,4994,1,,,2,70,,4995,1,,,2,30,,5006,1,,,2,70,,5016,1,,,2,30,,5017,1,,,2,70,,5018,1,,,2,30,,5019,1,,,2,70,,5020,1,,,2,30,,5021,1,,,2,70,,5022,1,,,2,30,,4996,1,,,2,70,,4997,1,,,2,30,,4998,1,,,2,70,,4999,1,,,2,30,,5000,1,,,2,70,,5001,1,,,2,30,,5002,1,,,2,70,,5003,1,,,2,30,,5004,1,,,2,70,,5005,1,,,2,30,,5007,1,,,2,70,,5008,1,,,2,30,,5009,1,,,2,70,,5010,1,,,2,30,,5011,1,,,2,70,,5012,1,,,2,30,,5013,1,,,2,70,,5014,1,,,2,30,,5015,1,,,2
7000110019,'VNJA',0,,5023,1,,,2,647,,5024,1,,,2,70,,5025,1,,,2,30,,5036,1,,,2,70,,5040,1,,,2,30,,5041,1,,,2,70,,5042,1,,,2,30,,5043,1,,,2,70,,5044,1,,,2,30,,5045,1,,,2,70,,5046,1,,,2,30,,5026,1,,,2,70,,5027,1,,,2,30,,5028,1,,,2,70,,5029,1,,,2,30,,5030,1,,,2,70,,5031,1,,,2,30,,5032,1,,,2,70,,5033,1,,,2,30,,5034,1,,,2,70,,5035,1,,,2,30,,5037,1,,,2,70,,5038,1,,,2,30,,5039,1,,,2
7000110019,'dim',0,,5047,1,,,2,847,,5048,1,,,2,70,,5049,1,,,2,30,,5059,1,,,2,70,,5060,1,,,2,30,,5061,1,,,2,70,,5062,1,,,2,30,,5063,1,,,2,70,,5064,1,,,2,30,,5065,1,,,2,70,,5066,1,,,2,30,,5050,1,,,2,70,,5051,1,,,2,30,,5052,1,,,2,70,,5053,1,,,2,30,,5054,1,,,2,70,,5055,1,,,2,30,,5056,1,,,2,70,,5057,1,,,2,30,,5058,1,,,2
7000110019,'lun-ven',0,,5067,1,,,2,647,,5068,1,,,2,70,,5069,1,,,2,30,,5080,1,,,2,70,,5091,1,,,2,30,,5095,1,,,2,70,,5096,1,,,2,30,,5097,1,,,2,70,,5098,1,,,2,30,,5099,1,,,2,70,,5100,1,,,2,30,,5070,1,,,2,70,,5071,1,,,2,30,,5072,1,,,2,70,,5073,1,,,2,30,,5074,1,,,2,70,,5075,1,,,2,30,,5076,1,,,2,70,,5077,1,,,2,30,,5078,1,,,2,70,,5079,1,,,2,30,,5081,1,,,2,70,,5082,1,,,2,30,,5083,1,,,2,70,,5084,1,,,2,30,,5085,1,,,2,70,,5086,1,,,2,30,,5087,1,,,2,70,,5088,1,,,2,30,,5089,1,,,2,70,,5090,1,,,2,30,,5092,1,,,2,70,,5093,1,,,2,30,,5094,1,,,2
7000110019,'sam',0,,5101,1,,,2,747,,5102,1,,,2,70,,5103,1,,,2,30,,5114,1,,,2,70,,5116,1,,,2,30,,5117,1,,,2,70,,5118,1,,,2,30,,5119,1,,,2,70,,5120,1,,,2,30,,5121,1,,,2,70,,5122,1,,,2,30,,5104,1,,,2,70,,5105,1,,,2,30,,5106,1,,,2,70,,5107,1,,,2,30,,5108,1,,,2,70,,5109,1,,,2,30,,5110,1,,,2,70,,5111,1,,,2,30,,5112,1,,,2,70,,5113,1,,,2,30,,5115,1,,,2
