10000500019,'LN',5,,6554,2,4,,2,908,,6555,2,4,,2,30,,6556,2,4,,2,70,,6567,2,4,,2,30,,6576,2,4,,2,70,,6577,2,4,,2,30,,6578,2,4,,2,70,,6579,2,4,,2,30,,6580,2,4,,2,70,,6581,2,4,,2,30,,6582,2,4,,2,70,,6557,2,4,,2,30,,6558,2,4,,2,70,,6559,2,4,,2,30,,6560,2,4,,2,70,,6561,2,4,,2,30,,6562,2,4,,2,70,,6563,2,4,,2,30,,6564,2,4,,2,70,,6565,2,4,,2,30,,6566,2,4,,2,70,,6568,2,4,,2,30,,6569,2,4,,2,70,,6570,2,4,,2,30,,6571,2,4,,2,70,,6572,2,4,,2,30,,6573,2,4,,2,70,,6574,2,4,,2,30,,6575,2,4,,2
10000500019,'VNJA',5,,6819,2,4,,2,708,,6820,2,4,,2,30,,6821,2,4,,2,70,,6832,2,4,,2,30,,6835,2,4,,2,70,,6836,2,4,,2,30,,6837,2,4,,2,70,,6838,2,4,,2,30,,6839,2,4,,2,70,,6840,2,4,,2,30,,6841,2,4,,2,70,,6822,2,4,,2,30,,6823,2,4,,2,70,,6824,2,4,,2,30,,6825,2,4,,2,70,,6826,2,4,,2,30,,6827,2,4,,2,70,,6828,2,4,,2,30,,6829,2,4,,2,70,,6830,2,4,,2,30,,6831,2,4,,2,70,,6833,2,4,,2,30,,6834,2,4,,2
10000500019,'dim',5,,7036,2,4,,2,908,,7037,2,4,,2,30,,7038,2,4,,2,70,,7047,2,4,,2,30,,7048,2,4,,2,70,,7049,2,4,,2,30,,7050,2,4,,2,70,,7051,2,4,,2,30,,7052,2,4,,2,70,,7053,2,4,,2,30,,7054,2,4,,2,70,,7039,2,4,,2,30,,7040,2,4,,2,70,,7041,2,4,,2,30,,7042,2,4,,2,70,,7043,2,4,,2,30,,7044,2,4,,2,70,,7045,2,4,,2,30,,7046,2,4,,2
10000500019,'lun-ven',5,,7371,2,4,,2,708,,7372,2,4,,2,30,,7373,2,4,,2,70,,7384,2,4,,2,30,,7395,2,4,,2,70,,7398,2,4,,2,30,,7399,2,4,,2,70,,7400,2,4,,2,30,,7401,2,4,,2,70,,7402,2,4,,2,30,,7403,2,4,,2,70,,7374,2,4,,2,30,,7375,2,4,,2,70,,7376,2,4,,2,30,,7377,2,4,,2,70,,7378,2,4,,2,30,,7379,2,4,,2,70,,7380,2,4,,2,30,,7381,2,4,,2,70,,7382,2,4,,2,30,,7383,2,4,,2,70,,7385,2,4,,2,30,,7386,2,4,,2,70,,7387,2,4,,2,30,,7388,2,4,,2,70,,7389,2,4,,2,30,,7390,2,4,,2,70,,7391,2,4,,2,30,,7392,2,4,,2,70,,7393,2,4,,2,30,,7394,2,4,,2,70,,7396,2,4,,2,30,,7397,2,4,,2
10000500019,'sam',5,,7626,2,4,,2,808,,7627,2,4,,2,30,,7628,2,4,,2,70,,7639,2,4,,2,30,,7640,2,4,,2,70,,7641,2,4,,2,30,,7642,2,4,,2,70,,7643,2,4,,2,30,,7644,2,4,,2,70,,7645,2,4,,2,30,,7646,2,4,,2,70,,7629,2,4,,2,30,,7630,2,4,,2,70,,7631,2,4,,2,30,,7632,2,4,,2,70,,7633,2,4,,2,30,,7634,2,4,,2,70,,7635,2,4,,2,30,,7636,2,4,,2,70,,7637,2,4,,2,30,,7638,2,4,,2
10000550019,'LN',0,,8820,1,,,2,930,,8821,1,,,2,70,,8822,1,,,2,30,,8833,1,,,2,70,,8842,1,,,2,30,,8843,1,,,2,70,,8844,1,,,2,30,,8845,1,,,2,70,,8846,1,,,2,30,,8847,1,,,2,70,,8848,1,,,2,30,,8823,1,,,2,70,,8824,1,,,2,30,,8825,1,,,2,70,,8826,1,,,2,30,,8827,1,,,2,70,,8828,1,,,2,30,,8829,1,,,2,70,,8830,1,,,2,30,,8831,1,,,2,70,,8832,1,,,2,30,,8834,1,,,2,70,,8835,1,,,2,30,,8836,1,,,2,70,,8837,1,,,2,30,,8838,1,,,2,70,,8839,1,,,2,30,,8840,1,,,2,70,,8841,1,,,2
10000550019,'VNJA',0,,8849,1,,,2,700,,8850,1,,,2,30,,8851,1,,,2,70,,8862,1,,,2,30,,8866,1,,,2,70,,8867,1,,,2,30,,8868,1,,,2,70,,8869,1,,,2,30,,8870,1,,,2,70,,8871,1,,,2,30,,8872,1,,,2,70,,8852,1,,,2,30,,8853,1,,,2,70,,8854,1,,,2,30,,8855,1,,,2,70,,8856,1,,,2,30,,8857,1,,,2,70,,8858,1,,,2,30,,8859,1,,,2,70,,8860,1,,,2,30,,8861,1,,,2,70,,8863,1,,,2,30,,8864,1,,,2,70,,8865,1,,,2
10000550019,'dim',0,,8873,1,,,2,930,,8874,1,,,2,70,,8875,1,,,2,30,,8884,1,,,2,70,,8885,1,,,2,30,,8886,1,,,2,70,,8887,1,,,2,30,,8888,1,,,2,70,,8889,1,,,2,30,,8890,1,,,2,70,,8891,1,,,2,30,,8876,1,,,2,70,,8877,1,,,2,30,,8878,1,,,2,70,,8879,1,,,2,30,,8880,1,,,2,70,,8881,1,,,2,30,,8882,1,,,2,70,,8883,1,,,2
10000550019,'lun-ven',0,,8892,1,,,2,700,,8893,1,,,2,30,,8894,1,,,2,70,,8905,1,,,2,30,,8916,1,,,2,70,,8920,1,,,2,30,,8921,1,,,2,70,,8922,1,,,2,30,,8923,1,,,2,70,,8924,1,,,2,30,,8925,1,,,2,70,,8895,1,,,2,30,,8896,1,,,2,70,,8897,1,,,2,30,,8898,1,,,2,70,,8899,1,,,2,30,,8900,1,,,2,70,,8901,1,,,2,30,,8902,1,,,2,70,,8903,1,,,2,30,,8904,1,,,2,70,,8906,1,,,2,30,,8907,1,,,2,70,,8908,1,,,2,30,,8909,1,,,2,70,,8910,1,,,2,30,,8911,1,,,2,70,,8912,1,,,2,30,,8913,1,,,2,70,,8914,1,,,2,30,,8915,1,,,2,70,,8917,1,,,2,30,,8918,1,,,2,70,,8919,1,,,2
10000550019,'sam',0,,8926,1,,,2,800,,8927,1,,,2,30,,8928,1,,,2,70,,8939,1,,,2,30,,8941,1,,,2,70,,8942,1,,,2,30,,8943,1,,,2,70,,8944,1,,,2,30,,8945,1,,,2,70,,8946,1,,,2,30,,8947,1,,,2,70,,8929,1,,,2,30,,8930,1,,,2,70,,8931,1,,,2,30,,8932,1,,,2,70,,8933,1,,,2,30,,8934,1,,,2,70,,8935,1,,,2,30,,8936,1,,,2,70,,8937,1,,,2,30,,8938,1,,,2,70,,8940,1,,,2
