13000600019,'LN',8,,9076,2,4,,2,913,,9077,2,4,,2,30,,9078,2,4,,2,70,,9089,2,4,,2,30,,9098,2,4,,2,70,,9099,2,4,,2,30,,9100,2,4,,2,70,,9101,2,4,,2,30,,9102,2,4,,2,70,,9103,2,4,,2,30,,9104,2,4,,2,70,,9079,2,4,,2,30,,9080,2,4,,2,70,,9081,2,4,,2,30,,9082,2,4,,2,70,,9083,2,4,,2,30,,9084,2,4,,2,70,,9085,2,4,,2,30,,9086,2,4,,2,70,,9087,2,4,,2,30,,9088,2,4,,2,70,,9090,2,4,,2,30,,9091,2,4,,2,70,,9092,2,4,,2,30,,9093,2,4,,2,70,,9094,2,4,,2,30,,9095,2,4,,2,70,,9096,2,4,,2,30,,9097,2,4,,2
13000600019,'VNJA',8,,9163,2,4,,2,713,,9164,2,4,,2,30,,9165,2,4,,2,70,,9176,2,4,,2,30,,9179,2,4,,2,70,,9180,2,4,,2,30,,9181,2,4,,2,70,,9182,2,4,,2,30,,9183,2,4,,2,70,,9184,2,4,,2,30,,9185,2,4,,2,70,,9166,2,4,,2,30,,9167,2,4,,2,70,,9168,2,4,,2,30,,9169,2,4,,2,70,,9170,2,4,,2,30,,9171,2,4,,2,70,,9172,2,4,,2,30,,9173,2,4,,2,70,,9174,2,4,,2,30,,9175,2,4,,2,70,,9177,2,4,,2,30,,9178,2,4,,2
13000600019,'dim',8,,9232,2,4,,2,913,,9233,2,4,,2,30,,9234,2,4,,2,70,,9243,2,4,,2,30,,9244,2,4,,2,70,,9245,2,4,,2,30,,9246,2,4,,2,70,,9247,2,4,,2,30,,9248,2,4,,2,70,,9249,2,4,,2,30,,9250,2,4,,2,70,,9235,2,4,,2,30,,9236,2,4,,2,70,,9237,2,4,,2,30,,9238,2,4,,2,70,,9239,2,4,,2,30,,9240,2,4,,2,70,,9241,2,4,,2,30,,9242,2,4,,2
13000600019,'lun-ven',8,,9289,2,4,,2,713,,9290,2,4,,2,30,,9291,2,4,,2,70,,9302,2,4,,2,30,,9313,2,4,,2,70,,9316,2,4,,2,30,,9317,2,4,,2,70,,9318,2,4,,2,30,,9319,2,4,,2,70,,9320,2,4,,2,30,,9321,2,4,,2,70,,9292,2,4,,2,30,,9293,2,4,,2,70,,9294,2,4,,2,30,,9295,2,4,,2,70,,9296,2,4,,2,30,,9297,2,4,,2,70,,9298,2,4,,2,30,,9299,2,4,,2,70,,9300,2,4,,2,30,,9301,2,4,,2,70,,9303,2,4,,2,30,,9304,2,4,,2,70,,9305,2,4,,2,30,,9306,2,4,,2,70,,9307,2,4,,2,30,,9308,2,4,,2,70,,9309,2,4,,2,30,,9310,2,4,,2,70,,9311,2,4,,2,30,,9312,2,4,,2,70,,9314,2,4,,2,30,,9315,2,4,,2
13000600019,'sam',8,,9388,2,4,,2,813,,9389,2,4,,2,30,,9390,2,4,,2,70,,9401,2,4,,2,30,,9402,2,4,,2,70,,9403,2,4,,2,30,,9404,2,4,,2,70,,9405,2,4,,2,30,,9406,2,4,,2,70,,9407,2,4,,2,30,,9408,2,4,,2,70,,9391,2,4,,2,30,,9392,2,4,,2,70,,9393,2,4,,2,30,,9394,2,4,,2,70,,9395,2,4,,2,30,,9396,2,4,,2,70,,9397,2,4,,2,30,,9398,2,4,,2,70,,9399,2,4,,2,30,,9400,2,4,,2
13000630019,'LN',0,,9451,1,,,2,902,,9452,1,,,2,30,,9453,1,,,2,70,,9464,1,,,2,30,,9473,1,,,2,70,,9474,1,,,2,30,,9475,1,,,2,70,,9476,1,,,2,30,,9477,1,,,2,70,,9478,1,,,2,30,,9479,1,,,2,70,,9454,1,,,2,30,,9455,1,,,2,70,,9456,1,,,2,30,,9457,1,,,2,70,,9458,1,,,2,30,,9459,1,,,2,70,,9460,1,,,2,30,,9461,1,,,2,70,,9462,1,,,2,30,,9463,1,,,2,70,,9465,1,,,2,30,,9466,1,,,2,70,,9467,1,,,2,30,,9468,1,,,2,70,,9469,1,,,2,30,,9470,1,,,2,70,,9471,1,,,2,30,,9472,1,,,2
13000630019,'VNJA',0,,9480,1,,,2,702,,9481,1,,,2,30,,9482,1,,,2,70,,9493,1,,,2,30,,9496,1,,,2,70,,9497,1,,,2,30,,9498,1,,,2,70,,9499,1,,,2,30,,9500,1,,,2,70,,9501,1,,,2,30,,9502,1,,,2,70,,9483,1,,,2,30,,9484,1,,,2,70,,9485,1,,,2,30,,9486,1,,,2,70,,9487,1,,,2,30,,9488,1,,,2,70,,9489,1,,,2,30,,9490,1,,,2,70,,9491,1,,,2,30,,9492,1,,,2,70,,9494,1,,,2,30,,9495,1,,,2
13000630019,'dim',0,,9503,1,,,2,902,,9504,1,,,2,30,,9505,1,,,2,70,,9514,1,,,2,30,,9515,1,,,2,70,,9516,1,,,2,30,,9517,1,,,2,70,,9518,1,,,2,30,,9519,1,,,2,70,,9520,1,,,2,30,,9521,1,,,2,70,,9506,1,,,2,30,,9507,1,,,2,70,,9508,1,,,2,30,,9509,1,,,2,70,,9510,1,,,2,30,,9511,1,,,2,70,,9512,1,,,2,30,,9513,1,,,2
13000630019,'lun-ven',0,,9522,1,,,2,702,,9523,1,,,2,30,,9524,1,,,2,70,,9535,1,,,2,30,,9546,1,,,2,70,,9549,1,,,2,30,,9550,1,,,2,70,,9551,1,,,2,30,,9552,1,,,2,70,,9553,1,,,2,30,,9554,1,,,2,70,,9525,1,,,2,30,,9526,1,,,2,70,,9527,1,,,2,30,,9528,1,,,2,70,,9529,1,,,2,30,,9530,1,,,2,70,,9531,1,,,2,30,,9532,1,,,2,70,,9533,1,,,2,30,,9534,1,,,2,70,,9536,1,,,2,30,,9537,1,,,2,70,,9538,1,,,2,30,,9539,1,,,2,70,,9540,1,,,2,30,,9541,1,,,2,70,,9542,1,,,2,30,,9543,1,,,2,70,,9544,1,,,2,30,,9545,1,,,2,70,,9547,1,,,2,30,,9548,1,,,2
13000630019,'sam',0,,9555,1,,,2,802,,9556,1,,,2,30,,9557,1,,,2,70,,9568,1,,,2,30,,9569,1,,,2,70,,9570,1,,,2,30,,9571,1,,,2,70,,9572,1,,,2,30,,9573,1,,,2,70,,9574,1,,,2,30,,9575,1,,,2,70,,9558,1,,,2,30,,9559,1,,,2,70,,9560,1,,,2,30,,9561,1,,,2,70,,9562,1,,,2,30,,9563,1,,,2,70,,9564,1,,,2,30,,9565,1,,,2,70,,9566,1,,,2,30,,9567,1,,,2
