14000800019,'LN',14,,10087,2,4,,2,913,,10088,2,4,,2,30,,10089,2,4,,2,70,,10100,2,4,,2,30,,10109,2,4,,2,70,,10110,2,4,,2,30,,10111,2,4,,2,70,,10112,2,4,,2,30,,10113,2,4,,2,70,,10114,2,4,,2,30,,10115,2,4,,2,70,,10090,2,4,,2,30,,10091,2,4,,2,70,,10092,2,4,,2,30,,10093,2,4,,2,70,,10094,2,4,,2,30,,10095,2,4,,2,70,,10096,2,4,,2,30,,10097,2,4,,2,70,,10098,2,4,,2,30,,10099,2,4,,2,70,,10101,2,4,,2,30,,10102,2,4,,2,70,,10103,2,4,,2,30,,10104,2,4,,2,70,,10105,2,4,,2,30,,10106,2,4,,2,70,,10107,2,4,,2,30,,10108,2,4,,2
14000800019,'VNJA',14,,10439,2,4,,2,713,,10440,2,4,,2,30,,10441,2,4,,2,70,,10452,2,4,,2,30,,10455,2,4,,2,70,,10456,2,4,,2,30,,10457,2,4,,2,70,,10458,2,4,,2,30,,10459,2,4,,2,70,,10460,2,4,,2,30,,10461,2,4,,2,70,,10442,2,4,,2,30,,10443,2,4,,2,70,,10444,2,4,,2,30,,10445,2,4,,2,70,,10446,2,4,,2,30,,10447,2,4,,2,70,,10448,2,4,,2,30,,10449,2,4,,2,70,,10450,2,4,,2,30,,10451,2,4,,2,70,,10453,2,4,,2,30,,10454,2,4,,2
14000800019,'dim',14,,10725,2,4,,2,913,,10726,2,4,,2,30,,10727,2,4,,2,70,,10736,2,4,,2,30,,10737,2,4,,2,70,,10738,2,4,,2,30,,10739,2,4,,2,70,,10740,2,4,,2,30,,10741,2,4,,2,70,,10742,2,4,,2,30,,10743,2,4,,2,70,,10728,2,4,,2,30,,10729,2,4,,2,70,,10730,2,4,,2,30,,10731,2,4,,2,70,,10732,2,4,,2,30,,10733,2,4,,2,70,,10734,2,4,,2,30,,10735,2,4,,2
14000800019,'lun-ven',14,,11117,2,4,,2,713,,11118,2,4,,2,30,,11119,2,4,,2,70,,11130,2,4,,2,30,,11141,2,4,,2,70,,11144,2,4,,2,30,,11145,2,4,,2,70,,11146,2,4,,2,30,,11147,2,4,,2,70,,11148,2,4,,2,30,,11149,2,4,,2,70,,11120,2,4,,2,30,,11121,2,4,,2,70,,11122,2,4,,2,30,,11123,2,4,,2,70,,11124,2,4,,2,30,,11125,2,4,,2,70,,11126,2,4,,2,30,,11127,2,4,,2,70,,11128,2,4,,2,30,,11129,2,4,,2,70,,11131,2,4,,2,30,,11132,2,4,,2,70,,11133,2,4,,2,30,,11134,2,4,,2,70,,11135,2,4,,2,30,,11136,2,4,,2,70,,11137,2,4,,2,30,,11138,2,4,,2,70,,11139,2,4,,2,30,,11140,2,4,,2,70,,11142,2,4,,2,30,,11143,2,4,,2
14000800019,'sam',14,,11471,2,4,,2,813,,11472,2,4,,2,30,,11473,2,4,,2,70,,11484,2,4,,2,30,,11485,2,4,,2,70,,11486,2,4,,2,30,,11487,2,4,,2,70,,11488,2,4,,2,30,,11489,2,4,,2,70,,11490,2,4,,2,30,,11491,2,4,,2,70,,11474,2,4,,2,30,,11475,2,4,,2,70,,11476,2,4,,2,30,,11477,2,4,,2,70,,11478,2,4,,2,30,,11479,2,4,,2,70,,11480,2,4,,2,30,,11481,2,4,,2,70,,11482,2,4,,2,30,,11483,2,4,,2
14000880019,'LN',0,,12741,1,,,2,856,,12742,1,,,2,70,,12743,1,,,2,30,,12754,1,,,2,70,,12764,1,,,2,30,,12765,1,,,2,70,,12766,1,,,2,30,,12767,1,,,2,70,,12768,1,,,2,30,,12769,1,,,2,70,,12770,1,,,2,30,,12744,1,,,2,70,,12745,1,,,2,30,,12746,1,,,2,70,,12747,1,,,2,30,,12748,1,,,2,70,,12749,1,,,2,30,,12750,1,,,2,70,,12751,1,,,2,30,,12752,1,,,2,70,,12753,1,,,2,30,,12755,1,,,2,70,,12756,1,,,2,30,,12757,1,,,2,70,,12758,1,,,2,30,,12759,1,,,2,70,,12760,1,,,2,30,,12761,1,,,2,70,,12762,1,,,2,30,,12763,1,,,2
14000880019,'VNJA',0,,12771,1,,,2,656,,12772,1,,,2,70,,12773,1,,,2,30,,12784,1,,,2,70,,12788,1,,,2,30,,12789,1,,,2,70,,12790,1,,,2,30,,12791,1,,,2,70,,12792,1,,,2,30,,12793,1,,,2,70,,12794,1,,,2,30,,12774,1,,,2,70,,12775,1,,,2,30,,12776,1,,,2,70,,12777,1,,,2,30,,12778,1,,,2,70,,12779,1,,,2,30,,12780,1,,,2,70,,12781,1,,,2,30,,12782,1,,,2,70,,12783,1,,,2,30,,12785,1,,,2,70,,12786,1,,,2,30,,12787,1,,,2
14000880019,'dim',0,,12795,1,,,2,856,,12796,1,,,2,70,,12797,1,,,2,30,,12807,1,,,2,70,,12808,1,,,2,30,,12809,1,,,2,70,,12810,1,,,2,30,,12811,1,,,2,70,,12812,1,,,2,30,,12813,1,,,2,70,,12814,1,,,2,30,,12798,1,,,2,70,,12799,1,,,2,30,,12800,1,,,2,70,,12801,1,,,2,30,,12802,1,,,2,70,,12803,1,,,2,30,,12804,1,,,2,70,,12805,1,,,2,30,,12806,1,,,2
14000880019,'lun-ven',0,,12815,1,,,2,656,,12816,1,,,2,70,,12817,1,,,2,30,,12828,1,,,2,70,,12839,1,,,2,30,,12843,1,,,2,70,,12844,1,,,2,30,,12845,1,,,2,70,,12846,1,,,2,30,,12847,1,,,2,70,,12848,1,,,2,30,,12818,1,,,2,70,,12819,1,,,2,30,,12820,1,,,2,70,,12821,1,,,2,30,,12822,1,,,2,70,,12823,1,,,2,30,,12824,1,,,2,70,,12825,1,,,2,30,,12826,1,,,2,70,,12827,1,,,2,30,,12829,1,,,2,70,,12830,1,,,2,30,,12831,1,,,2,70,,12832,1,,,2,30,,12833,1,,,2,70,,12834,1,,,2,30,,12835,1,,,2,70,,12836,1,,,2,30,,12837,1,,,2,70,,12838,1,,,2,30,,12840,1,,,2,70,,12841,1,,,2,30,,12842,1,,,2
14000880019,'sam',0,,12849,1,,,2,756,,12850,1,,,2,70,,12851,1,,,2,30,,12862,1,,,2,70,,12864,1,,,2,30,,12865,1,,,2,70,,12866,1,,,2,30,,12867,1,,,2,70,,12868,1,,,2,30,,12869,1,,,2,70,,12870,1,,,2,30,,12852,1,,,2,70,,12853,1,,,2,30,,12854,1,,,2,70,,12855,1,,,2,30,,12856,1,,,2,70,,12857,1,,,2,30,,12858,1,,,2,70,,12859,1,,,2,30,,12860,1,,,2,70,,12861,1,,,2,30,,12863,1,,,2
