14000800019,'LN',15,,10000,2,4,,2,913,,10001,2,4,,2,30,,10002,2,4,,2,70,,10013,2,4,,2,30,,10022,2,4,,2,70,,10023,2,4,,2,30,,10024,2,4,,2,70,,10025,2,4,,2,30,,10026,2,4,,2,70,,10027,2,4,,2,30,,10028,2,4,,2,70,,10003,2,4,,2,30,,10004,2,4,,2,70,,10005,2,4,,2,30,,10006,2,4,,2,70,,10007,2,4,,2,30,,10008,2,4,,2,70,,10009,2,4,,2,30,,10010,2,4,,2,70,,10011,2,4,,2,30,,10012,2,4,,2,70,,10014,2,4,,2,30,,10015,2,4,,2,70,,10016,2,4,,2,30,,10017,2,4,,2,70,,10018,2,4,,2,30,,10019,2,4,,2,70,,10020,2,4,,2,30,,10021,2,4,,2
14000800019,'VNJA',15,,10370,2,4,,2,713,,10371,2,4,,2,30,,10372,2,4,,2,70,,10383,2,4,,2,30,,10386,2,4,,2,70,,10387,2,4,,2,30,,10388,2,4,,2,70,,10389,2,4,,2,30,,10390,2,4,,2,70,,10391,2,4,,2,30,,10392,2,4,,2,70,,10373,2,4,,2,30,,10374,2,4,,2,70,,10375,2,4,,2,30,,10376,2,4,,2,70,,10377,2,4,,2,30,,10378,2,4,,2,70,,10379,2,4,,2,30,,10380,2,4,,2,70,,10381,2,4,,2,30,,10382,2,4,,2,70,,10384,2,4,,2,30,,10385,2,4,,2
14000800019,'dim',15,,10668,2,4,,2,913,,10669,2,4,,2,30,,10670,2,4,,2,70,,10679,2,4,,2,30,,10680,2,4,,2,70,,10681,2,4,,2,30,,10682,2,4,,2,70,,10683,2,4,,2,30,,10684,2,4,,2,70,,10685,2,4,,2,30,,10686,2,4,,2,70,,10671,2,4,,2,30,,10672,2,4,,2,70,,10673,2,4,,2,30,,10674,2,4,,2,70,,10675,2,4,,2,30,,10676,2,4,,2,70,,10677,2,4,,2,30,,10678,2,4,,2
14000800019,'lun-ven',15,,11018,2,4,,2,713,,11019,2,4,,2,30,,11020,2,4,,2,70,,11031,2,4,,2,30,,11042,2,4,,2,70,,11045,2,4,,2,30,,11046,2,4,,2,70,,11047,2,4,,2,30,,11048,2,4,,2,70,,11049,2,4,,2,30,,11050,2,4,,2,70,,11021,2,4,,2,30,,11022,2,4,,2,70,,11023,2,4,,2,30,,11024,2,4,,2,70,,11025,2,4,,2,30,,11026,2,4,,2,70,,11027,2,4,,2,30,,11028,2,4,,2,70,,11029,2,4,,2,30,,11030,2,4,,2,70,,11032,2,4,,2,30,,11033,2,4,,2,70,,11034,2,4,,2,30,,11035,2,4,,2,70,,11036,2,4,,2,30,,11037,2,4,,2,70,,11038,2,4,,2,30,,11039,2,4,,2,70,,11040,2,4,,2,30,,11041,2,4,,2,70,,11043,2,4,,2,30,,11044,2,4,,2
14000800019,'sam',15,,11408,2,4,,2,813,,11409,2,4,,2,30,,11410,2,4,,2,70,,11421,2,4,,2,30,,11422,2,4,,2,70,,11423,2,4,,2,30,,11424,2,4,,2,70,,11425,2,4,,2,30,,11426,2,4,,2,70,,11427,2,4,,2,30,,11428,2,4,,2,70,,11411,2,4,,2,30,,11412,2,4,,2,70,,11413,2,4,,2,30,,11414,2,4,,2,70,,11415,2,4,,2,30,,11416,2,4,,2,70,,11417,2,4,,2,30,,11418,2,4,,2,70,,11419,2,4,,2,30,,11420,2,4,,2
14000860019,'LN',0,,12356,1,,,2,854,,12357,1,,,2,70,,12358,1,,,2,30,,12369,1,,,2,70,,12379,1,,,2,30,,12380,1,,,2,70,,12381,1,,,2,30,,12382,1,,,2,70,,12383,1,,,2,30,,12384,1,,,2,70,,12385,1,,,2,30,,12359,1,,,2,70,,12360,1,,,2,30,,12361,1,,,2,70,,12362,1,,,2,30,,12363,1,,,2,70,,12364,1,,,2,30,,12365,1,,,2,70,,12366,1,,,2,30,,12367,1,,,2,70,,12368,1,,,2,30,,12370,1,,,2,70,,12371,1,,,2,30,,12372,1,,,2,70,,12373,1,,,2,30,,12374,1,,,2,70,,12375,1,,,2,30,,12376,1,,,2,70,,12377,1,,,2,30,,12378,1,,,2
14000860019,'VNJA',0,,12386,1,,,2,654,,12387,1,,,2,70,,12388,1,,,2,30,,12399,1,,,2,70,,12403,1,,,2,30,,12404,1,,,2,70,,12405,1,,,2,30,,12406,1,,,2,70,,12407,1,,,2,30,,12408,1,,,2,70,,12409,1,,,2,30,,12389,1,,,2,70,,12390,1,,,2,30,,12391,1,,,2,70,,12392,1,,,2,30,,12393,1,,,2,70,,12394,1,,,2,30,,12395,1,,,2,70,,12396,1,,,2,30,,12397,1,,,2,70,,12398,1,,,2,30,,12400,1,,,2,70,,12401,1,,,2,30,,12402,1,,,2
14000860019,'dim',0,,12410,1,,,2,854,,12411,1,,,2,70,,12412,1,,,2,30,,12422,1,,,2,70,,12423,1,,,2,30,,12424,1,,,2,70,,12425,1,,,2,30,,12426,1,,,2,70,,12427,1,,,2,30,,12428,1,,,2,70,,12429,1,,,2,30,,12413,1,,,2,70,,12414,1,,,2,30,,12415,1,,,2,70,,12416,1,,,2,30,,12417,1,,,2,70,,12418,1,,,2,30,,12419,1,,,2,70,,12420,1,,,2,30,,12421,1,,,2
14000860019,'lun-ven',0,,12430,1,,,2,654,,12431,1,,,2,70,,12432,1,,,2,30,,12443,1,,,2,70,,12454,1,,,2,30,,12458,1,,,2,70,,12459,1,,,2,30,,12460,1,,,2,70,,12461,1,,,2,30,,12462,1,,,2,70,,12463,1,,,2,30,,12433,1,,,2,70,,12434,1,,,2,30,,12435,1,,,2,70,,12436,1,,,2,30,,12437,1,,,2,70,,12438,1,,,2,30,,12439,1,,,2,70,,12440,1,,,2,30,,12441,1,,,2,70,,12442,1,,,2,30,,12444,1,,,2,70,,12445,1,,,2,30,,12446,1,,,2,70,,12447,1,,,2,30,,12448,1,,,2,70,,12449,1,,,2,30,,12450,1,,,2,70,,12451,1,,,2,30,,12452,1,,,2,70,,12453,1,,,2,30,,12455,1,,,2,70,,12456,1,,,2,30,,12457,1,,,2
14000860019,'sam',0,,12464,1,,,2,754,,12465,1,,,2,70,,12466,1,,,2,30,,12477,1,,,2,70,,12479,1,,,2,30,,12480,1,,,2,70,,12481,1,,,2,30,,12482,1,,,2,70,,12483,1,,,2,30,,12484,1,,,2,70,,12485,1,,,2,30,,12467,1,,,2,70,,12468,1,,,2,30,,12469,1,,,2,70,,12470,1,,,2,30,,12471,1,,,2,70,,12472,1,,,2,30,,12473,1,,,2,70,,12474,1,,,2,30,,12475,1,,,2,70,,12476,1,,,2,30,,12478,1,,,2
