2019,'LN',5,,122,4,,,2,900,,123,4,,,2,30,,124,4,,,2,70,,135,4,,,2,30,,145,4,,,2,70,,146,4,,,2,30,,147,4,,,2,70,,148,4,,,2,30,,149,4,,,2,70,,150,4,,,2,30,,151,4,,,2,70,,125,4,,,2,30,,126,4,,,2,70,,127,4,,,2,30,,128,4,,,2,70,,129,4,,,2,30,,130,4,,,2,70,,131,4,,,2,30,,132,4,,,2,70,,133,4,,,2,30,,134,4,,,2,70,,136,4,,,2,30,,137,4,,,2,70,,138,4,,,2,30,,139,4,,,2,70,,140,4,,,2,30,,141,4,,,2,70,,142,4,,,2,30,,143,4,,,2,70,,144,4,,,2
2019,'VNJA',5,,152,4,,,2,700,,153,4,,,2,30,,154,4,,,2,70,,165,4,,,2,30,,169,4,,,2,70,,170,4,,,2,30,,171,4,,,2,70,,172,4,,,2,30,,173,4,,,2,70,,174,4,,,2,30,,175,4,,,2,70,,155,4,,,2,30,,156,4,,,2,70,,157,4,,,2,30,,158,4,,,2,70,,159,4,,,2,30,,160,4,,,2,70,,161,4,,,2,30,,162,4,,,2,70,,163,4,,,2,30,,164,4,,,2,70,,166,4,,,2,30,,167,4,,,2,70,,168,4,,,2
2019,'dim',5,,176,4,,,2,900,,177,4,,,2,100,,178,4,,,2,100,,179,4,,,2,100,,180,4,,,2,100,,181,4,,,2,100,,182,4,,,2,100,,183,4,,,2,100,,184,4,,,2,100,,185,4,,,2,100,,186,4,,,2
2019,'lun-ven',5,,187,4,,,2,700,,188,4,,,2,30,,189,4,,,2,70,,200,4,,,2,30,,211,4,,,2,70,,215,4,,,2,30,,216,4,,,2,70,,217,4,,,2,30,,218,4,,,2,70,,219,4,,,2,30,,220,4,,,2,70,,190,4,,,2,30,,191,4,,,2,70,,192,4,,,2,30,,193,4,,,2,70,,194,4,,,2,30,,195,4,,,2,70,,196,4,,,2,30,,197,4,,,2,70,,198,4,,,2,30,,199,4,,,2,70,,201,4,,,2,30,,202,4,,,2,70,,203,4,,,2,30,,204,4,,,2,70,,205,4,,,2,30,,206,4,,,2,70,,207,4,,,2,30,,208,4,,,2,70,,209,4,,,2,30,,210,4,,,2,70,,212,4,,,2,30,,213,4,,,2,70,,214,4,,,2
2019,'sam',5,,221,4,,,2,800,,222,4,,,2,30,,223,4,,,2,70,,234,4,,,2,30,,236,4,,,2,70,,237,4,,,2,30,,238,4,,,2,70,,239,4,,,2,30,,240,4,,,2,70,,241,4,,,2,30,,242,4,,,2,70,,224,4,,,2,30,,225,4,,,2,70,,226,4,,,2,30,,227,4,,,2,70,,228,4,,,2,30,,229,4,,,2,70,,230,4,,,2,30,,231,4,,,2,70,,232,4,,,2,30,,233,4,,,2,70,,235,4,,,2
140005019,'LN',8,,670,9,,,2,900,,671,9,,,2,30,,672,9,,,2,70,,683,9,,,2,30,,693,9,,,2,70,,694,9,,,2,30,,695,9,,,2,70,,696,9,,,2,30,,697,9,,,2,70,,698,9,,,2,30,,699,9,,,2,70,,673,9,,,2,30,,674,9,,,2,70,,675,9,,,2,30,,676,9,,,2,70,,677,9,,,2,30,,678,9,,,2,70,,679,9,,,2,30,,680,9,,,2,70,,681,9,,,2,30,,682,9,,,2,70,,684,9,,,2,30,,685,9,,,2,70,,686,9,,,2,30,,687,9,,,2,70,,688,9,,,2,30,,689,9,,,2,70,,690,9,,,2,30,,691,9,,,2,70,,692,9,,,2
140005019,'VNJA',8,,700,9,,,2,530,,701,9,,,2,70,,702,9,,,2,30,,713,9,,,2,70,,720,9,,,2,30,,721,9,,,2,70,,722,9,,,2,30,,723,9,,,2,70,,724,9,,,2,30,,725,9,,,2,70,,726,9,,,2,30,,703,9,,,2,70,,704,9,,,2,30,,705,9,,,2,70,,706,9,,,2,30,,707,9,,,2,70,,708,9,,,2,30,,709,9,,,2,70,,710,9,,,2,30,,711,9,,,2,70,,712,9,,,2,30,,714,9,,,2,70,,715,9,,,2,30,,716,9,,,2,70,,717,9,,,2,30,,718,9,,,2,70,,719,9,,,2
140005019,'dim',8,,727,9,,,2,930,,728,9,,,2,100,,729,9,,,2,100,,730,9,,,2,100,,731,9,,,2,100,,732,9,,,2,100,,733,9,,,2,100,,734,9,,,2,100,,735,9,,,2,100,,736,9,,,2
140005019,'lun-ven',8,,737,9,,,2,530,,738,9,,,2,70,,739,9,,,2,30,,750,9,,,2,70,,761,9,,,2,30,,771,9,,,2,70,,772,9,,,2,30,,773,9,,,2,70,,774,9,,,2,30,,775,9,,,2,70,,776,9,,,2,30,,740,9,,,2,70,,741,9,,,2,30,,742,9,,,2,70,,743,9,,,2,30,,744,9,,,2,70,,745,9,,,2,30,,746,9,,,2,70,,747,9,,,2,30,,748,9,,,2,70,,749,9,,,2,30,,751,9,,,2,70,,752,9,,,2,30,,753,9,,,2,70,,754,9,,,2,30,,755,9,,,2,70,,756,9,,,2,30,,757,9,,,2,70,,758,9,,,2,30,,759,9,,,2,70,,760,9,,,2,30,,762,9,,,2,70,,763,9,,,2,30,,764,9,,,2,70,,765,9,,,2,30,,766,9,,,2,70,,767,9,,,2,30,,768,9,,,2,70,,769,9,,,2,30,,770,9,,,2
140005019,'sam',8,,777,9,,,2,800,,778,9,,,2,30,,779,9,,,2,70,,790,9,,,2,30,,792,9,,,2,70,,793,9,,,2,30,,794,9,,,2,70,,795,9,,,2,30,,796,9,,,2,70,,797,9,,,2,30,,798,9,,,2,70,,780,9,,,2,30,,781,9,,,2,70,,782,9,,,2,30,,783,9,,,2,70,,784,9,,,2,30,,785,9,,,2,70,,786,9,,,2,30,,787,9,,,2,70,,788,9,,,2,30,,789,9,,,2,70,,791,9,,,2
