1019,'LN',12,,1,22,,,2,900,,2,22,,,2,30,,3,22,,,2,70,,14,22,,,2,30,,24,22,,,2,70,,25,22,,,2,30,,26,22,,,2,70,,27,22,,,2,30,,28,22,,,2,70,,29,22,,,2,30,,30,22,,,2,70,,4,22,,,2,30,,5,22,,,2,70,,6,22,,,2,30,,7,22,,,2,70,,8,22,,,2,30,,9,22,,,2,70,,10,22,,,2,30,,11,22,,,2,70,,12,22,,,2,30,,13,22,,,2,70,,15,22,,,2,30,,16,22,,,2,70,,17,22,,,2,30,,18,22,,,2,70,,19,22,,,2,30,,20,22,,,2,70,,21,22,,,2,30,,22,22,,,2,70,,23,22,,,2
1019,'VNJA',12,,31,22,,,2,700,,32,22,,,2,30,,33,22,,,2,70,,44,22,,,2,30,,48,22,,,2,70,,49,22,,,2,30,,50,22,,,2,70,,51,22,,,2,30,,52,22,,,2,70,,53,22,,,2,30,,54,22,,,2,70,,34,22,,,2,30,,35,22,,,2,70,,36,22,,,2,30,,37,22,,,2,70,,38,22,,,2,30,,39,22,,,2,70,,40,22,,,2,30,,41,22,,,2,70,,42,22,,,2,30,,43,22,,,2,70,,45,22,,,2,30,,46,22,,,2,70,,47,22,,,2
1019,'dim',12,,55,22,,,2,900,,56,22,,,2,100,,57,22,,,2,100,,58,22,,,2,100,,59,22,,,2,100,,60,22,,,2,100,,61,22,,,2,100,,62,22,,,2,100,,63,22,,,2,100,,64,22,,,2,100,,65,22,,,2
1019,'lun-ven',12,,66,22,,,2,700,,67,22,,,2,30,,68,22,,,2,70,,79,22,,,2,30,,90,22,,,2,70,,94,22,,,2,30,,95,22,,,2,70,,96,22,,,2,30,,97,22,,,2,70,,98,22,,,2,30,,99,22,,,2,70,,69,22,,,2,30,,70,22,,,2,70,,71,22,,,2,30,,72,22,,,2,70,,73,22,,,2,30,,74,22,,,2,70,,75,22,,,2,30,,76,22,,,2,70,,77,22,,,2,30,,78,22,,,2,70,,80,22,,,2,30,,81,22,,,2,70,,82,22,,,2,30,,83,22,,,2,70,,84,22,,,2,30,,85,22,,,2,70,,86,22,,,2,30,,87,22,,,2,70,,88,22,,,2,30,,89,22,,,2,70,,91,22,,,2,30,,92,22,,,2,70,,93,22,,,2
1019,'sam',12,,100,22,,,2,800,,101,22,,,2,30,,102,22,,,2,70,,113,22,,,2,30,,115,22,,,2,70,,116,22,,,2,30,,117,22,,,2,70,,118,22,,,2,30,,119,22,,,2,70,,120,22,,,2,30,,121,22,,,2,70,,103,22,,,2,30,,104,22,,,2,70,,105,22,,,2,30,,106,22,,,2,70,,107,22,,,2,30,,108,22,,,2,70,,109,22,,,2,30,,110,22,,,2,70,,111,22,,,2,30,,112,22,,,2,70,,114,22,,,2
319600019,'LN',0,,1251,1,,,2,913,,1252,1,,,2,30,,1253,1,,,2,70,,1264,1,,,2,30,,1273,1,,,2,70,,1274,1,,,2,30,,1275,1,,,2,70,,1276,1,,,2,30,,1277,1,,,2,70,,1278,1,,,2,30,,1279,1,,,2,70,,1254,1,,,2,30,,1255,1,,,2,70,,1256,1,,,2,30,,1257,1,,,2,70,,1258,1,,,2,30,,1259,1,,,2,70,,1260,1,,,2,30,,1261,1,,,2,70,,1262,1,,,2,30,,1263,1,,,2,70,,1265,1,,,2,30,,1266,1,,,2,70,,1267,1,,,2,30,,1268,1,,,2,70,,1269,1,,,2,30,,1270,1,,,2,70,,1271,1,,,2,30,,1272,1,,,2
319600019,'VNJA',0,,1326,1,,,2,713,,1327,1,,,2,30,,1328,1,,,2,70,,1339,1,,,2,30,,1342,1,,,2,70,,1343,1,,,2,30,,1344,1,,,2,70,,1345,1,,,2,30,,1346,1,,,2,70,,1347,1,,,2,30,,1348,1,,,2,70,,1329,1,,,2,30,,1330,1,,,2,70,,1331,1,,,2,30,,1332,1,,,2,70,,1333,1,,,2,30,,1334,1,,,2,70,,1335,1,,,2,30,,1336,1,,,2,70,,1337,1,,,2,30,,1338,1,,,2,70,,1340,1,,,2,30,,1341,1,,,2
319600019,'dim',0,,1387,1,,,2,913,,1388,1,,,2,30,,1389,1,,,2,70,,1398,1,,,2,30,,1399,1,,,2,70,,1400,1,,,2,30,,1401,1,,,2,70,,1402,1,,,2,30,,1403,1,,,2,70,,1404,1,,,2,30,,1405,1,,,2,70,,1390,1,,,2,30,,1391,1,,,2,70,,1392,1,,,2,30,,1393,1,,,2,70,,1394,1,,,2,30,,1395,1,,,2,70,,1396,1,,,2,30,,1397,1,,,2
319600019,'lun-ven',0,,1472,1,,,2,713,,1473,1,,,2,30,,1474,1,,,2,70,,1485,1,,,2,30,,1496,1,,,2,70,,1499,1,,,2,30,,1500,1,,,2,70,,1501,1,,,2,30,,1502,1,,,2,70,,1503,1,,,2,30,,1504,1,,,2,70,,1475,1,,,2,30,,1476,1,,,2,70,,1477,1,,,2,30,,1478,1,,,2,70,,1479,1,,,2,30,,1480,1,,,2,70,,1481,1,,,2,30,,1482,1,,,2,70,,1483,1,,,2,30,,1484,1,,,2,70,,1486,1,,,2,30,,1487,1,,,2,70,,1488,1,,,2,30,,1489,1,,,2,70,,1490,1,,,2,30,,1491,1,,,2,70,,1492,1,,,2,30,,1493,1,,,2,70,,1494,1,,,2,30,,1495,1,,,2,70,,1497,1,,,2,30,,1498,1,,,2
319600019,'sam',0,,1547,1,,,2,813,,1548,1,,,2,30,,1549,1,,,2,70,,1560,1,,,2,30,,1561,1,,,2,70,,1562,1,,,2,30,,1563,1,,,2,70,,1564,1,,,2,30,,1565,1,,,2,70,,1566,1,,,2,30,,1567,1,,,2,70,,1550,1,,,2,30,,1551,1,,,2,70,,1552,1,,,2,30,,1553,1,,,2,70,,1554,1,,,2,30,,1555,1,,,2,70,,1556,1,,,2,30,,1557,1,,,2,70,,1558,1,,,2,30,,1559,1,,,2
319605019,'LN',15,,1568,2,4,,2,895,,1569,2,4,,2,30,,1570,2,4,,2,70,,1581,2,4,,2,30,,1591,2,4,,2,70,,1592,2,4,,2,30,,1593,2,4,,2,70,,1594,2,4,,2,30,,1595,2,4,,2,70,,1596,2,4,,2,30,,1597,2,4,,2,70,,1571,2,4,,2,30,,1572,2,4,,2,70,,1573,2,4,,2,30,,1574,2,4,,2,70,,1575,2,4,,2,30,,1576,2,4,,2,70,,1577,2,4,,2,30,,1578,2,4,,2,70,,1579,2,4,,2,30,,1580,2,4,,2,70,,1582,2,4,,2,30,,1583,2,4,,2,70,,1584,2,4,,2,30,,1585,2,4,,2,70,,1586,2,4,,2,30,,1587,2,4,,2,70,,1588,2,4,,2,30,,1589,2,4,,2,70,,1590,2,4,,2
319605019,'VNJA',15,,1598,2,4,,2,695,,1599,2,4,,2,30,,1600,2,4,,2,70,,1611,2,4,,2,30,,1615,2,4,,2,70,,1616,2,4,,2,30,,1617,2,4,,2,70,,1618,2,4,,2,30,,1619,2,4,,2,70,,1620,2,4,,2,30,,1621,2,4,,2,70,,1601,2,4,,2,30,,1602,2,4,,2,70,,1603,2,4,,2,30,,1604,2,4,,2,70,,1605,2,4,,2,30,,1606,2,4,,2,70,,1607,2,4,,2,30,,1608,2,4,,2,70,,1609,2,4,,2,30,,1610,2,4,,2,70,,1612,2,4,,2,30,,1613,2,4,,2,70,,1614,2,4,,2
319605019,'dim',15,,1622,2,4,,2,895,,1623,2,4,,2,30,,1624,2,4,,2,70,,1634,2,4,,2,30,,1635,2,4,,2,70,,1636,2,4,,2,30,,1637,2,4,,2,70,,1638,2,4,,2,30,,1639,2,4,,2,70,,1640,2,4,,2,30,,1641,2,4,,2,70,,1625,2,4,,2,30,,1626,2,4,,2,70,,1627,2,4,,2,30,,1628,2,4,,2,70,,1629,2,4,,2,30,,1630,2,4,,2,70,,1631,2,4,,2,30,,1632,2,4,,2,70,,1633,2,4,,2
319605019,'lun-ven',15,,1642,2,4,,2,695,,1643,2,4,,2,30,,1644,2,4,,2,70,,1655,2,4,,2,30,,1666,2,4,,2,70,,1670,2,4,,2,30,,1671,2,4,,2,70,,1672,2,4,,2,30,,1673,2,4,,2,70,,1674,2,4,,2,30,,1675,2,4,,2,70,,1645,2,4,,2,30,,1646,2,4,,2,70,,1647,2,4,,2,30,,1648,2,4,,2,70,,1649,2,4,,2,30,,1650,2,4,,2,70,,1651,2,4,,2,30,,1652,2,4,,2,70,,1653,2,4,,2,30,,1654,2,4,,2,70,,1656,2,4,,2,30,,1657,2,4,,2,70,,1658,2,4,,2,30,,1659,2,4,,2,70,,1660,2,4,,2,30,,1661,2,4,,2,70,,1662,2,4,,2,30,,1663,2,4,,2,70,,1664,2,4,,2,30,,1665,2,4,,2,70,,1667,2,4,,2,30,,1668,2,4,,2,70,,1669,2,4,,2
319605019,'sam',15,,1676,2,4,,2,795,,1677,2,4,,2,30,,1678,2,4,,2,70,,1689,2,4,,2,30,,1691,2,4,,2,70,,1692,2,4,,2,30,,1693,2,4,,2,70,,1694,2,4,,2,30,,1695,2,4,,2,70,,1696,2,4,,2,30,,1697,2,4,,2,70,,1679,2,4,,2,30,,1680,2,4,,2,70,,1681,2,4,,2,30,,1682,2,4,,2,70,,1683,2,4,,2,30,,1684,2,4,,2,70,,1685,2,4,,2,30,,1686,2,4,,2,70,,1687,2,4,,2,30,,1688,2,4,,2,70,,1690,2,4,,2
319615019,'LN',15,,1698,2,4,,2,894,,1699,2,4,,2,30,,1700,2,4,,2,70,,1711,2,4,,2,30,,1721,2,4,,2,70,,1722,2,4,,2,30,,1723,2,4,,2,70,,1724,2,4,,2,30,,1725,2,4,,2,70,,1726,2,4,,2,30,,1727,2,4,,2,70,,1701,2,4,,2,30,,1702,2,4,,2,70,,1703,2,4,,2,30,,1704,2,4,,2,70,,1705,2,4,,2,30,,1706,2,4,,2,70,,1707,2,4,,2,30,,1708,2,4,,2,70,,1709,2,4,,2,30,,1710,2,4,,2,70,,1712,2,4,,2,30,,1713,2,4,,2,70,,1714,2,4,,2,30,,1715,2,4,,2,70,,1716,2,4,,2,30,,1717,2,4,,2,70,,1718,2,4,,2,30,,1719,2,4,,2,70,,1720,2,4,,2
319615019,'VNJA',15,,1728,2,4,,2,694,,1729,2,4,,2,30,,1730,2,4,,2,70,,1741,2,4,,2,30,,1745,2,4,,2,70,,1746,2,4,,2,30,,1747,2,4,,2,70,,1748,2,4,,2,30,,1749,2,4,,2,70,,1750,2,4,,2,30,,1751,2,4,,2,70,,1731,2,4,,2,30,,1732,2,4,,2,70,,1733,2,4,,2,30,,1734,2,4,,2,70,,1735,2,4,,2,30,,1736,2,4,,2,70,,1737,2,4,,2,30,,1738,2,4,,2,70,,1739,2,4,,2,30,,1740,2,4,,2,70,,1742,2,4,,2,30,,1743,2,4,,2,70,,1744,2,4,,2
319615019,'dim',15,,1752,2,4,,2,894,,1753,2,4,,2,30,,1754,2,4,,2,70,,1764,2,4,,2,30,,1765,2,4,,2,70,,1766,2,4,,2,30,,1767,2,4,,2,70,,1768,2,4,,2,30,,1769,2,4,,2,70,,1770,2,4,,2,30,,1771,2,4,,2,70,,1755,2,4,,2,30,,1756,2,4,,2,70,,1757,2,4,,2,30,,1758,2,4,,2,70,,1759,2,4,,2,30,,1760,2,4,,2,70,,1761,2,4,,2,30,,1762,2,4,,2,70,,1763,2,4,,2
319615019,'lun-ven',15,,1772,2,4,,2,694,,1773,2,4,,2,30,,1774,2,4,,2,70,,1785,2,4,,2,30,,1796,2,4,,2,70,,1800,2,4,,2,30,,1801,2,4,,2,70,,1802,2,4,,2,30,,1803,2,4,,2,70,,1804,2,4,,2,30,,1805,2,4,,2,70,,1775,2,4,,2,30,,1776,2,4,,2,70,,1777,2,4,,2,30,,1778,2,4,,2,70,,1779,2,4,,2,30,,1780,2,4,,2,70,,1781,2,4,,2,30,,1782,2,4,,2,70,,1783,2,4,,2,30,,1784,2,4,,2,70,,1786,2,4,,2,30,,1787,2,4,,2,70,,1788,2,4,,2,30,,1789,2,4,,2,70,,1790,2,4,,2,30,,1791,2,4,,2,70,,1792,2,4,,2,30,,1793,2,4,,2,70,,1794,2,4,,2,30,,1795,2,4,,2,70,,1797,2,4,,2,30,,1798,2,4,,2,70,,1799,2,4,,2
319615019,'sam',15,,1806,2,4,,2,794,,1807,2,4,,2,30,,1808,2,4,,2,70,,1819,2,4,,2,30,,1821,2,4,,2,70,,1822,2,4,,2,30,,1823,2,4,,2,70,,1824,2,4,,2,30,,1825,2,4,,2,70,,1826,2,4,,2,30,,1827,2,4,,2,70,,1809,2,4,,2,30,,1810,2,4,,2,70,,1811,2,4,,2,30,,1812,2,4,,2,70,,1813,2,4,,2,30,,1814,2,4,,2,70,,1815,2,4,,2,30,,1816,2,4,,2,70,,1817,2,4,,2,30,,1818,2,4,,2,70,,1820,2,4,,2
319625019,'LN',15,,1828,2,4,,2,892,,1829,2,4,,2,30,,1830,2,4,,2,70,,1841,2,4,,2,30,,1851,2,4,,2,70,,1852,2,4,,2,30,,1853,2,4,,2,70,,1854,2,4,,2,30,,1855,2,4,,2,70,,1856,2,4,,2,30,,1857,2,4,,2,70,,1831,2,4,,2,30,,1832,2,4,,2,70,,1833,2,4,,2,30,,1834,2,4,,2,70,,1835,2,4,,2,30,,1836,2,4,,2,70,,1837,2,4,,2,30,,1838,2,4,,2,70,,1839,2,4,,2,30,,1840,2,4,,2,70,,1842,2,4,,2,30,,1843,2,4,,2,70,,1844,2,4,,2,30,,1845,2,4,,2,70,,1846,2,4,,2,30,,1847,2,4,,2,70,,1848,2,4,,2,30,,1849,2,4,,2,70,,1850,2,4,,2
319625019,'VNJA',15,,1858,2,4,,2,692,,1859,2,4,,2,30,,1860,2,4,,2,70,,1871,2,4,,2,30,,1875,2,4,,2,70,,1876,2,4,,2,30,,1877,2,4,,2,70,,1878,2,4,,2,30,,1879,2,4,,2,70,,1880,2,4,,2,30,,1881,2,4,,2,70,,1861,2,4,,2,30,,1862,2,4,,2,70,,1863,2,4,,2,30,,1864,2,4,,2,70,,1865,2,4,,2,30,,1866,2,4,,2,70,,1867,2,4,,2,30,,1868,2,4,,2,70,,1869,2,4,,2,30,,1870,2,4,,2,70,,1872,2,4,,2,30,,1873,2,4,,2,70,,1874,2,4,,2
319625019,'dim',15,,1882,2,4,,2,892,,1883,2,4,,2,30,,1884,2,4,,2,70,,1894,2,4,,2,30,,1895,2,4,,2,70,,1896,2,4,,2,30,,1897,2,4,,2,70,,1898,2,4,,2,30,,1899,2,4,,2,70,,1900,2,4,,2,30,,1901,2,4,,2,70,,1885,2,4,,2,30,,1886,2,4,,2,70,,1887,2,4,,2,30,,1888,2,4,,2,70,,1889,2,4,,2,30,,1890,2,4,,2,70,,1891,2,4,,2,30,,1892,2,4,,2,70,,1893,2,4,,2
319625019,'lun-ven',15,,1902,2,4,,2,692,,1903,2,4,,2,30,,1904,2,4,,2,70,,1915,2,4,,2,30,,1926,2,4,,2,70,,1930,2,4,,2,30,,1931,2,4,,2,70,,1932,2,4,,2,30,,1933,2,4,,2,70,,1934,2,4,,2,30,,1935,2,4,,2,70,,1905,2,4,,2,30,,1906,2,4,,2,70,,1907,2,4,,2,30,,1908,2,4,,2,70,,1909,2,4,,2,30,,1910,2,4,,2,70,,1911,2,4,,2,30,,1912,2,4,,2,70,,1913,2,4,,2,30,,1914,2,4,,2,70,,1916,2,4,,2,30,,1917,2,4,,2,70,,1918,2,4,,2,30,,1919,2,4,,2,70,,1920,2,4,,2,30,,1921,2,4,,2,70,,1922,2,4,,2,30,,1923,2,4,,2,70,,1924,2,4,,2,30,,1925,2,4,,2,70,,1927,2,4,,2,30,,1928,2,4,,2,70,,1929,2,4,,2
319625019,'sam',15,,1936,2,4,,2,792,,1937,2,4,,2,30,,1938,2,4,,2,70,,1949,2,4,,2,30,,1951,2,4,,2,70,,1952,2,4,,2,30,,1953,2,4,,2,70,,1954,2,4,,2,30,,1955,2,4,,2,70,,1956,2,4,,2,30,,1957,2,4,,2,70,,1939,2,4,,2,30,,1940,2,4,,2,70,,1941,2,4,,2,30,,1942,2,4,,2,70,,1943,2,4,,2,30,,1944,2,4,,2,70,,1945,2,4,,2,30,,1946,2,4,,2,70,,1947,2,4,,2,30,,1948,2,4,,2,70,,1950,2,4,,2
