10000500019,'LN',9,,6467,2,4,,2,908,,6468,2,4,,2,30,,6469,2,4,,2,70,,6480,2,4,,2,30,,6489,2,4,,2,70,,6490,2,4,,2,30,,6491,2,4,,2,70,,6492,2,4,,2,30,,6493,2,4,,2,70,,6494,2,4,,2,30,,6495,2,4,,2,70,,6470,2,4,,2,30,,6471,2,4,,2,70,,6472,2,4,,2,30,,6473,2,4,,2,70,,6474,2,4,,2,30,,6475,2,4,,2,70,,6476,2,4,,2,30,,6477,2,4,,2,70,,6478,2,4,,2,30,,6479,2,4,,2,70,,6481,2,4,,2,30,,6482,2,4,,2,70,,6483,2,4,,2,30,,6484,2,4,,2,70,,6485,2,4,,2,30,,6486,2,4,,2,70,,6487,2,4,,2,30,,6488,2,4,,2
10000500019,'VNJA',9,,6750,2,4,,2,708,,6751,2,4,,2,30,,6752,2,4,,2,70,,6763,2,4,,2,30,,6766,2,4,,2,70,,6767,2,4,,2,30,,6768,2,4,,2,70,,6769,2,4,,2,30,,6770,2,4,,2,70,,6771,2,4,,2,30,,6772,2,4,,2,70,,6753,2,4,,2,30,,6754,2,4,,2,70,,6755,2,4,,2,30,,6756,2,4,,2,70,,6757,2,4,,2,30,,6758,2,4,,2,70,,6759,2,4,,2,30,,6760,2,4,,2,70,,6761,2,4,,2,30,,6762,2,4,,2,70,,6764,2,4,,2,30,,6765,2,4,,2
10000500019,'dim',9,,6979,2,4,,2,908,,6980,2,4,,2,30,,6981,2,4,,2,70,,6990,2,4,,2,30,,6991,2,4,,2,70,,6992,2,4,,2,30,,6993,2,4,,2,70,,6994,2,4,,2,30,,6995,2,4,,2,70,,6996,2,4,,2,30,,6997,2,4,,2,70,,6982,2,4,,2,30,,6983,2,4,,2,70,,6984,2,4,,2,30,,6985,2,4,,2,70,,6986,2,4,,2,30,,6987,2,4,,2,70,,6988,2,4,,2,30,,6989,2,4,,2
10000500019,'lun-ven',9,,7272,2,4,,2,708,,7273,2,4,,2,30,,7274,2,4,,2,70,,7285,2,4,,2,30,,7296,2,4,,2,70,,7299,2,4,,2,30,,7300,2,4,,2,70,,7301,2,4,,2,30,,7302,2,4,,2,70,,7303,2,4,,2,30,,7304,2,4,,2,70,,7275,2,4,,2,30,,7276,2,4,,2,70,,7277,2,4,,2,30,,7278,2,4,,2,70,,7279,2,4,,2,30,,7280,2,4,,2,70,,7281,2,4,,2,30,,7282,2,4,,2,70,,7283,2,4,,2,30,,7284,2,4,,2,70,,7286,2,4,,2,30,,7287,2,4,,2,70,,7288,2,4,,2,30,,7289,2,4,,2,70,,7290,2,4,,2,30,,7291,2,4,,2,70,,7292,2,4,,2,30,,7293,2,4,,2,70,,7294,2,4,,2,30,,7295,2,4,,2,70,,7297,2,4,,2,30,,7298,2,4,,2
10000500019,'sam',9,,7563,2,4,,2,808,,7564,2,4,,2,30,,7565,2,4,,2,70,,7576,2,4,,2,30,,7577,2,4,,2,70,,7578,2,4,,2,30,,7579,2,4,,2,70,,7580,2,4,,2,30,,7581,2,4,,2,70,,7582,2,4,,2,30,,7583,2,4,,2,70,,7566,2,4,,2,30,,7567,2,4,,2,70,,7568,2,4,,2,30,,7569,2,4,,2,70,,7570,2,4,,2,30,,7571,2,4,,2,70,,7572,2,4,,2,30,,7573,2,4,,2,70,,7574,2,4,,2,30,,7575,2,4,,2
10000535019,'LN',0,,8436,1,,,2,926,,8437,1,,,2,30,,8438,1,,,2,70,,8449,1,,,2,30,,8458,1,,,2,70,,8459,1,,,2,30,,8460,1,,,2,70,,8461,1,,,2,30,,8462,1,,,2,70,,8463,1,,,2,30,,8464,1,,,2,70,,8439,1,,,2,30,,8440,1,,,2,70,,8441,1,,,2,30,,8442,1,,,2,70,,8443,1,,,2,30,,8444,1,,,2,70,,8445,1,,,2,30,,8446,1,,,2,70,,8447,1,,,2,30,,8448,1,,,2,70,,8450,1,,,2,30,,8451,1,,,2,70,,8452,1,,,2,30,,8453,1,,,2,70,,8454,1,,,2,30,,8455,1,,,2,70,,8456,1,,,2,30,,8457,1,,,2
10000535019,'VNJA',0,,8465,1,,,2,656,,8466,1,,,2,70,,8467,1,,,2,30,,8478,1,,,2,70,,8482,1,,,2,30,,8483,1,,,2,70,,8484,1,,,2,30,,8485,1,,,2,70,,8486,1,,,2,30,,8487,1,,,2,70,,8488,1,,,2,30,,8468,1,,,2,70,,8469,1,,,2,30,,8470,1,,,2,70,,8471,1,,,2,30,,8472,1,,,2,70,,8473,1,,,2,30,,8474,1,,,2,70,,8475,1,,,2,30,,8476,1,,,2,70,,8477,1,,,2,30,,8479,1,,,2,70,,8480,1,,,2,30,,8481,1,,,2
10000535019,'dim',0,,8489,1,,,2,926,,8490,1,,,2,30,,8491,1,,,2,70,,8500,1,,,2,30,,8501,1,,,2,70,,8502,1,,,2,30,,8503,1,,,2,70,,8504,1,,,2,30,,8505,1,,,2,70,,8506,1,,,2,30,,8507,1,,,2,70,,8492,1,,,2,30,,8493,1,,,2,70,,8494,1,,,2,30,,8495,1,,,2,70,,8496,1,,,2,30,,8497,1,,,2,70,,8498,1,,,2,30,,8499,1,,,2
10000535019,'lun-ven',0,,8508,1,,,2,656,,8509,1,,,2,70,,8510,1,,,2,30,,8521,1,,,2,70,,8532,1,,,2,30,,8536,1,,,2,70,,8537,1,,,2,30,,8538,1,,,2,70,,8539,1,,,2,30,,8540,1,,,2,70,,8541,1,,,2,30,,8511,1,,,2,70,,8512,1,,,2,30,,8513,1,,,2,70,,8514,1,,,2,30,,8515,1,,,2,70,,8516,1,,,2,30,,8517,1,,,2,70,,8518,1,,,2,30,,8519,1,,,2,70,,8520,1,,,2,30,,8522,1,,,2,70,,8523,1,,,2,30,,8524,1,,,2,70,,8525,1,,,2,30,,8526,1,,,2,70,,8527,1,,,2,30,,8528,1,,,2,70,,8529,1,,,2,30,,8530,1,,,2,70,,8531,1,,,2,30,,8533,1,,,2,70,,8534,1,,,2,30,,8535,1,,,2
10000535019,'sam',0,,8542,1,,,2,756,,8543,1,,,2,70,,8544,1,,,2,30,,8555,1,,,2,70,,8557,1,,,2,30,,8558,1,,,2,70,,8559,1,,,2,30,,8560,1,,,2,70,,8561,1,,,2,30,,8562,1,,,2,70,,8563,1,,,2,30,,8545,1,,,2,70,,8546,1,,,2,30,,8547,1,,,2,70,,8548,1,,,2,30,,8549,1,,,2,70,,8550,1,,,2,30,,8551,1,,,2,70,,8552,1,,,2,30,,8553,1,,,2,70,,8554,1,,,2,30,,8556,1,,,2
