14000800019,'LN',15,,9942,2,4,,2,913,,9943,2,4,,2,30,,9944,2,4,,2,70,,9955,2,4,,2,30,,9964,2,4,,2,70,,9965,2,4,,2,30,,9966,2,4,,2,70,,9967,2,4,,2,30,,9968,2,4,,2,70,,9969,2,4,,2,30,,9970,2,4,,2,70,,9945,2,4,,2,30,,9946,2,4,,2,70,,9947,2,4,,2,30,,9948,2,4,,2,70,,9949,2,4,,2,30,,9950,2,4,,2,70,,9951,2,4,,2,30,,9952,2,4,,2,70,,9953,2,4,,2,30,,9954,2,4,,2,70,,9956,2,4,,2,30,,9957,2,4,,2,70,,9958,2,4,,2,30,,9959,2,4,,2,70,,9960,2,4,,2,30,,9961,2,4,,2,70,,9962,2,4,,2,30,,9963,2,4,,2
14000800019,'VNJA',15,,10324,2,4,,2,713,,10325,2,4,,2,30,,10326,2,4,,2,70,,10337,2,4,,2,30,,10340,2,4,,2,70,,10341,2,4,,2,30,,10342,2,4,,2,70,,10343,2,4,,2,30,,10344,2,4,,2,70,,10345,2,4,,2,30,,10346,2,4,,2,70,,10327,2,4,,2,30,,10328,2,4,,2,70,,10329,2,4,,2,30,,10330,2,4,,2,70,,10331,2,4,,2,30,,10332,2,4,,2,70,,10333,2,4,,2,30,,10334,2,4,,2,70,,10335,2,4,,2,30,,10336,2,4,,2,70,,10338,2,4,,2,30,,10339,2,4,,2
14000800019,'dim',15,,10630,2,4,,2,913,,10631,2,4,,2,30,,10632,2,4,,2,70,,10641,2,4,,2,30,,10642,2,4,,2,70,,10643,2,4,,2,30,,10644,2,4,,2,70,,10645,2,4,,2,30,,10646,2,4,,2,70,,10647,2,4,,2,30,,10648,2,4,,2,70,,10633,2,4,,2,30,,10634,2,4,,2,70,,10635,2,4,,2,30,,10636,2,4,,2,70,,10637,2,4,,2,30,,10638,2,4,,2,70,,10639,2,4,,2,30,,10640,2,4,,2
14000800019,'lun-ven',15,,10952,2,4,,2,713,,10953,2,4,,2,30,,10954,2,4,,2,70,,10965,2,4,,2,30,,10976,2,4,,2,70,,10979,2,4,,2,30,,10980,2,4,,2,70,,10981,2,4,,2,30,,10982,2,4,,2,70,,10983,2,4,,2,30,,10984,2,4,,2,70,,10955,2,4,,2,30,,10956,2,4,,2,70,,10957,2,4,,2,30,,10958,2,4,,2,70,,10959,2,4,,2,30,,10960,2,4,,2,70,,10961,2,4,,2,30,,10962,2,4,,2,70,,10963,2,4,,2,30,,10964,2,4,,2,70,,10966,2,4,,2,30,,10967,2,4,,2,70,,10968,2,4,,2,30,,10969,2,4,,2,70,,10970,2,4,,2,30,,10971,2,4,,2,70,,10972,2,4,,2,30,,10973,2,4,,2,70,,10974,2,4,,2,30,,10975,2,4,,2,70,,10977,2,4,,2,30,,10978,2,4,,2
14000800019,'sam',15,,11366,2,4,,2,813,,11367,2,4,,2,30,,11368,2,4,,2,70,,11379,2,4,,2,30,,11380,2,4,,2,70,,11381,2,4,,2,30,,11382,2,4,,2,70,,11383,2,4,,2,30,,11384,2,4,,2,70,,11385,2,4,,2,30,,11386,2,4,,2,70,,11369,2,4,,2,30,,11370,2,4,,2,70,,11371,2,4,,2,30,,11372,2,4,,2,70,,11373,2,4,,2,30,,11374,2,4,,2,70,,11375,2,4,,2,30,,11376,2,4,,2,70,,11377,2,4,,2,30,,11378,2,4,,2
14000840019,'LN',0,,12096,1,,,2,850,,12097,1,,,2,70,,12098,1,,,2,30,,12109,1,,,2,70,,12119,1,,,2,30,,12120,1,,,2,70,,12121,1,,,2,30,,12122,1,,,2,70,,12123,1,,,2,30,,12124,1,,,2,70,,12125,1,,,2,30,,12099,1,,,2,70,,12100,1,,,2,30,,12101,1,,,2,70,,12102,1,,,2,30,,12103,1,,,2,70,,12104,1,,,2,30,,12105,1,,,2,70,,12106,1,,,2,30,,12107,1,,,2,70,,12108,1,,,2,30,,12110,1,,,2,70,,12111,1,,,2,30,,12112,1,,,2,70,,12113,1,,,2,30,,12114,1,,,2,70,,12115,1,,,2,30,,12116,1,,,2,70,,12117,1,,,2,30,,12118,1,,,2
14000840019,'VNJA',0,,12126,1,,,2,650,,12127,1,,,2,70,,12128,1,,,2,30,,12139,1,,,2,70,,12143,1,,,2,30,,12144,1,,,2,70,,12145,1,,,2,30,,12146,1,,,2,70,,12147,1,,,2,30,,12148,1,,,2,70,,12149,1,,,2,30,,12129,1,,,2,70,,12130,1,,,2,30,,12131,1,,,2,70,,12132,1,,,2,30,,12133,1,,,2,70,,12134,1,,,2,30,,12135,1,,,2,70,,12136,1,,,2,30,,12137,1,,,2,70,,12138,1,,,2,30,,12140,1,,,2,70,,12141,1,,,2,30,,12142,1,,,2
14000840019,'dim',0,,12150,1,,,2,850,,12151,1,,,2,70,,12152,1,,,2,30,,12162,1,,,2,70,,12163,1,,,2,30,,12164,1,,,2,70,,12165,1,,,2,30,,12166,1,,,2,70,,12167,1,,,2,30,,12168,1,,,2,70,,12169,1,,,2,30,,12153,1,,,2,70,,12154,1,,,2,30,,12155,1,,,2,70,,12156,1,,,2,30,,12157,1,,,2,70,,12158,1,,,2,30,,12159,1,,,2,70,,12160,1,,,2,30,,12161,1,,,2
14000840019,'lun-ven',0,,12170,1,,,2,650,,12171,1,,,2,70,,12172,1,,,2,30,,12183,1,,,2,70,,12194,1,,,2,30,,12198,1,,,2,70,,12199,1,,,2,30,,12200,1,,,2,70,,12201,1,,,2,30,,12202,1,,,2,70,,12203,1,,,2,30,,12173,1,,,2,70,,12174,1,,,2,30,,12175,1,,,2,70,,12176,1,,,2,30,,12177,1,,,2,70,,12178,1,,,2,30,,12179,1,,,2,70,,12180,1,,,2,30,,12181,1,,,2,70,,12182,1,,,2,30,,12184,1,,,2,70,,12185,1,,,2,30,,12186,1,,,2,70,,12187,1,,,2,30,,12188,1,,,2,70,,12189,1,,,2,30,,12190,1,,,2,70,,12191,1,,,2,30,,12192,1,,,2,70,,12193,1,,,2,30,,12195,1,,,2,70,,12196,1,,,2,30,,12197,1,,,2
14000840019,'sam',0,,12204,1,,,2,750,,12205,1,,,2,70,,12206,1,,,2,30,,12217,1,,,2,70,,12219,1,,,2,30,,12220,1,,,2,70,,12221,1,,,2,30,,12222,1,,,2,70,,12223,1,,,2,30,,12224,1,,,2,70,,12225,1,,,2,30,,12207,1,,,2,70,,12208,1,,,2,30,,12209,1,,,2,70,,12210,1,,,2,30,,12211,1,,,2,70,,12212,1,,,2,30,,12213,1,,,2,70,,12214,1,,,2,30,,12215,1,,,2,70,,12216,1,,,2,30,,12218,1,,,2
