14000800019,'LN',15,,9826,2,4,,2,913,,9827,2,4,,2,30,,9828,2,4,,2,70,,9839,2,4,,2,30,,9848,2,4,,2,70,,9849,2,4,,2,30,,9850,2,4,,2,70,,9851,2,4,,2,30,,9852,2,4,,2,70,,9853,2,4,,2,30,,9854,2,4,,2,70,,9829,2,4,,2,30,,9830,2,4,,2,70,,9831,2,4,,2,30,,9832,2,4,,2,70,,9833,2,4,,2,30,,9834,2,4,,2,70,,9835,2,4,,2,30,,9836,2,4,,2,70,,9837,2,4,,2,30,,9838,2,4,,2,70,,9840,2,4,,2,30,,9841,2,4,,2,70,,9842,2,4,,2,30,,9843,2,4,,2,70,,9844,2,4,,2,30,,9845,2,4,,2,70,,9846,2,4,,2,30,,9847,2,4,,2
14000800019,'VNJA',15,,10232,2,4,,2,713,,10233,2,4,,2,30,,10234,2,4,,2,70,,10245,2,4,,2,30,,10248,2,4,,2,70,,10249,2,4,,2,30,,10250,2,4,,2,70,,10251,2,4,,2,30,,10252,2,4,,2,70,,10253,2,4,,2,30,,10254,2,4,,2,70,,10235,2,4,,2,30,,10236,2,4,,2,70,,10237,2,4,,2,30,,10238,2,4,,2,70,,10239,2,4,,2,30,,10240,2,4,,2,70,,10241,2,4,,2,30,,10242,2,4,,2,70,,10243,2,4,,2,30,,10244,2,4,,2,70,,10246,2,4,,2,30,,10247,2,4,,2
14000800019,'dim',15,,10554,2,4,,2,913,,10555,2,4,,2,30,,10556,2,4,,2,70,,10565,2,4,,2,30,,10566,2,4,,2,70,,10567,2,4,,2,30,,10568,2,4,,2,70,,10569,2,4,,2,30,,10570,2,4,,2,70,,10571,2,4,,2,30,,10572,2,4,,2,70,,10557,2,4,,2,30,,10558,2,4,,2,70,,10559,2,4,,2,30,,10560,2,4,,2,70,,10561,2,4,,2,30,,10562,2,4,,2,70,,10563,2,4,,2,30,,10564,2,4,,2
14000800019,'lun-ven',15,,10820,2,4,,2,713,,10821,2,4,,2,30,,10822,2,4,,2,70,,10833,2,4,,2,30,,10844,2,4,,2,70,,10847,2,4,,2,30,,10848,2,4,,2,70,,10849,2,4,,2,30,,10850,2,4,,2,70,,10851,2,4,,2,30,,10852,2,4,,2,70,,10823,2,4,,2,30,,10824,2,4,,2,70,,10825,2,4,,2,30,,10826,2,4,,2,70,,10827,2,4,,2,30,,10828,2,4,,2,70,,10829,2,4,,2,30,,10830,2,4,,2,70,,10831,2,4,,2,30,,10832,2,4,,2,70,,10834,2,4,,2,30,,10835,2,4,,2,70,,10836,2,4,,2,30,,10837,2,4,,2,70,,10838,2,4,,2,30,,10839,2,4,,2,70,,10840,2,4,,2,30,,10841,2,4,,2,70,,10842,2,4,,2,30,,10843,2,4,,2,70,,10845,2,4,,2,30,,10846,2,4,,2
14000800019,'sam',15,,11282,2,4,,2,813,,11283,2,4,,2,30,,11284,2,4,,2,70,,11295,2,4,,2,30,,11296,2,4,,2,70,,11297,2,4,,2,30,,11298,2,4,,2,70,,11299,2,4,,2,30,,11300,2,4,,2,70,,11301,2,4,,2,30,,11302,2,4,,2,70,,11285,2,4,,2,30,,11286,2,4,,2,70,,11287,2,4,,2,30,,11288,2,4,,2,70,,11289,2,4,,2,30,,11290,2,4,,2,70,,11291,2,4,,2,30,,11292,2,4,,2,70,,11293,2,4,,2,30,,11294,2,4,,2
14000805019,'LN',0,,11576,1,,,2,842,,11577,1,,,2,70,,11578,1,,,2,30,,11589,1,,,2,70,,11599,1,,,2,30,,11600,1,,,2,70,,11601,1,,,2,30,,11602,1,,,2,70,,11603,1,,,2,30,,11604,1,,,2,70,,11605,1,,,2,30,,11579,1,,,2,70,,11580,1,,,2,30,,11581,1,,,2,70,,11582,1,,,2,30,,11583,1,,,2,70,,11584,1,,,2,30,,11585,1,,,2,70,,11586,1,,,2,30,,11587,1,,,2,70,,11588,1,,,2,30,,11590,1,,,2,70,,11591,1,,,2,30,,11592,1,,,2,70,,11593,1,,,2,30,,11594,1,,,2,70,,11595,1,,,2,30,,11596,1,,,2,70,,11597,1,,,2,30,,11598,1,,,2
14000805019,'VNJA',0,,11606,1,,,2,642,,11607,1,,,2,70,,11608,1,,,2,30,,11619,1,,,2,70,,11623,1,,,2,30,,11624,1,,,2,70,,11625,1,,,2,30,,11626,1,,,2,70,,11627,1,,,2,30,,11628,1,,,2,70,,11629,1,,,2,30,,11609,1,,,2,70,,11610,1,,,2,30,,11611,1,,,2,70,,11612,1,,,2,30,,11613,1,,,2,70,,11614,1,,,2,30,,11615,1,,,2,70,,11616,1,,,2,30,,11617,1,,,2,70,,11618,1,,,2,30,,11620,1,,,2,70,,11621,1,,,2,30,,11622,1,,,2
14000805019,'dim',0,,11630,1,,,2,842,,11631,1,,,2,70,,11632,1,,,2,30,,11642,1,,,2,70,,11643,1,,,2,30,,11644,1,,,2,70,,11645,1,,,2,30,,11646,1,,,2,70,,11647,1,,,2,30,,11648,1,,,2,70,,11649,1,,,2,30,,11633,1,,,2,70,,11634,1,,,2,30,,11635,1,,,2,70,,11636,1,,,2,30,,11637,1,,,2,70,,11638,1,,,2,30,,11639,1,,,2,70,,11640,1,,,2,30,,11641,1,,,2
14000805019,'lun-ven',0,,11650,1,,,2,642,,11651,1,,,2,70,,11652,1,,,2,30,,11663,1,,,2,70,,11674,1,,,2,30,,11678,1,,,2,70,,11679,1,,,2,30,,11680,1,,,2,70,,11681,1,,,2,30,,11682,1,,,2,70,,11683,1,,,2,30,,11653,1,,,2,70,,11654,1,,,2,30,,11655,1,,,2,70,,11656,1,,,2,30,,11657,1,,,2,70,,11658,1,,,2,30,,11659,1,,,2,70,,11660,1,,,2,30,,11661,1,,,2,70,,11662,1,,,2,30,,11664,1,,,2,70,,11665,1,,,2,30,,11666,1,,,2,70,,11667,1,,,2,30,,11668,1,,,2,70,,11669,1,,,2,30,,11670,1,,,2,70,,11671,1,,,2,30,,11672,1,,,2,70,,11673,1,,,2,30,,11675,1,,,2,70,,11676,1,,,2,30,,11677,1,,,2
14000805019,'sam',0,,11684,1,,,2,742,,11685,1,,,2,70,,11686,1,,,2,30,,11697,1,,,2,70,,11699,1,,,2,30,,11700,1,,,2,70,,11701,1,,,2,30,,11702,1,,,2,70,,11703,1,,,2,30,,11704,1,,,2,70,,11705,1,,,2,30,,11687,1,,,2,70,,11688,1,,,2,30,,11689,1,,,2,70,,11690,1,,,2,30,,11691,1,,,2,70,,11692,1,,,2,30,,11693,1,,,2,70,,11694,1,,,2,30,,11695,1,,,2,70,,11696,1,,,2,30,,11698,1,,,2
