22000200019,'LN',5,,13986,2,4,,2,918,,13987,2,4,,2,30,,13988,2,4,,2,70,,13999,2,4,,2,30,,14008,2,4,,2,70,,14009,2,4,,2,30,,14010,2,4,,2,70,,14011,2,4,,2,30,,14012,2,4,,2,70,,14013,2,4,,2,30,,14014,2,4,,2,70,,13989,2,4,,2,30,,13990,2,4,,2,70,,13991,2,4,,2,30,,13992,2,4,,2,70,,13993,2,4,,2,30,,13994,2,4,,2,70,,13995,2,4,,2,30,,13996,2,4,,2,70,,13997,2,4,,2,30,,13998,2,4,,2,70,,14000,2,4,,2,30,,14001,2,4,,2,70,,14002,2,4,,2,30,,14003,2,4,,2,70,,14004,2,4,,2,30,,14005,2,4,,2,70,,14006,2,4,,2,30,,14007,2,4,,2
22000200019,'VNJA',5,,14171,2,4,,2,718,,14172,2,4,,2,30,,14173,2,4,,2,70,,14184,2,4,,2,30,,14187,2,4,,2,70,,14188,2,4,,2,30,,14189,2,4,,2,70,,14190,2,4,,2,30,,14191,2,4,,2,70,,14192,2,4,,2,30,,14193,2,4,,2,70,,14174,2,4,,2,30,,14175,2,4,,2,70,,14176,2,4,,2,30,,14177,2,4,,2,70,,14178,2,4,,2,30,,14179,2,4,,2,70,,14180,2,4,,2,30,,14181,2,4,,2,70,,14182,2,4,,2,30,,14183,2,4,,2,70,,14185,2,4,,2,30,,14186,2,4,,2
22000200019,'dim',5,,14320,2,4,,2,918,,14321,2,4,,2,30,,14322,2,4,,2,70,,14331,2,4,,2,30,,14332,2,4,,2,70,,14333,2,4,,2,30,,14334,2,4,,2,70,,14335,2,4,,2,30,,14336,2,4,,2,70,,14337,2,4,,2,30,,14338,2,4,,2,70,,14323,2,4,,2,30,,14324,2,4,,2,70,,14325,2,4,,2,30,,14326,2,4,,2,70,,14327,2,4,,2,30,,14328,2,4,,2,70,,14329,2,4,,2,30,,14330,2,4,,2
22000200019,'lun-ven',5,,14495,2,4,,2,718,,14496,2,4,,2,30,,14497,2,4,,2,70,,14508,2,4,,2,30,,14519,2,4,,2,70,,14522,2,4,,2,30,,14523,2,4,,2,70,,14524,2,4,,2,30,,14525,2,4,,2,70,,14526,2,4,,2,30,,14527,2,4,,2,70,,14498,2,4,,2,30,,14499,2,4,,2,70,,14500,2,4,,2,30,,14501,2,4,,2,70,,14502,2,4,,2,30,,14503,2,4,,2,70,,14504,2,4,,2,30,,14505,2,4,,2,70,,14506,2,4,,2,30,,14507,2,4,,2,70,,14509,2,4,,2,30,,14510,2,4,,2,70,,14511,2,4,,2,30,,14512,2,4,,2,70,,14513,2,4,,2,30,,14514,2,4,,2,70,,14515,2,4,,2,30,,14516,2,4,,2,70,,14517,2,4,,2,30,,14518,2,4,,2,70,,14520,2,4,,2,30,,14521,2,4,,2
22000200019,'sam',5,,14690,2,4,,2,818,,14691,2,4,,2,30,,14692,2,4,,2,70,,14703,2,4,,2,30,,14704,2,4,,2,70,,14705,2,4,,2,30,,14706,2,4,,2,70,,14707,2,4,,2,30,,14708,2,4,,2,70,,14709,2,4,,2,30,,14710,2,4,,2,70,,14693,2,4,,2,30,,14694,2,4,,2,70,,14695,2,4,,2,30,,14696,2,4,,2,70,,14697,2,4,,2,30,,14698,2,4,,2,70,,14699,2,4,,2,30,,14700,2,4,,2,70,,14701,2,4,,2,30,,14702,2,4,,2
22000235019,'LN',0,,15149,1,,,2,904,,15150,1,,,2,30,,15151,1,,,2,70,,15162,1,,,2,30,,15171,1,,,2,70,,15172,1,,,2,30,,15173,1,,,2,70,,15174,1,,,2,30,,15175,1,,,2,70,,15176,1,,,2,30,,15177,1,,,2,70,,15152,1,,,2,30,,15153,1,,,2,70,,15154,1,,,2,30,,15155,1,,,2,70,,15156,1,,,2,30,,15157,1,,,2,70,,15158,1,,,2,30,,15159,1,,,2,70,,15160,1,,,2,30,,15161,1,,,2,70,,15163,1,,,2,30,,15164,1,,,2,70,,15165,1,,,2,30,,15166,1,,,2,70,,15167,1,,,2,30,,15168,1,,,2,70,,15169,1,,,2,30,,15170,1,,,2
22000235019,'VNJA',0,,15178,1,,,2,704,,15179,1,,,2,30,,15180,1,,,2,70,,15191,1,,,2,30,,15194,1,,,2,70,,15195,1,,,2,30,,15196,1,,,2,70,,15197,1,,,2,30,,15198,1,,,2,70,,15199,1,,,2,30,,15200,1,,,2,70,,15181,1,,,2,30,,15182,1,,,2,70,,15183,1,,,2,30,,15184,1,,,2,70,,15185,1,,,2,30,,15186,1,,,2,70,,15187,1,,,2,30,,15188,1,,,2,70,,15189,1,,,2,30,,15190,1,,,2,70,,15192,1,,,2,30,,15193,1,,,2
22000235019,'dim',0,,15201,1,,,2,904,,15202,1,,,2,30,,15203,1,,,2,70,,15212,1,,,2,30,,15213,1,,,2,70,,15214,1,,,2,30,,15215,1,,,2,70,,15216,1,,,2,30,,15217,1,,,2,70,,15218,1,,,2,30,,15219,1,,,2,70,,15204,1,,,2,30,,15205,1,,,2,70,,15206,1,,,2,30,,15207,1,,,2,70,,15208,1,,,2,30,,15209,1,,,2,70,,15210,1,,,2,30,,15211,1,,,2
22000235019,'lun-ven',0,,15220,1,,,2,704,,15221,1,,,2,30,,15222,1,,,2,70,,15233,1,,,2,30,,15244,1,,,2,70,,15247,1,,,2,30,,15248,1,,,2,70,,15249,1,,,2,30,,15250,1,,,2,70,,15251,1,,,2,30,,15252,1,,,2,70,,15223,1,,,2,30,,15224,1,,,2,70,,15225,1,,,2,30,,15226,1,,,2,70,,15227,1,,,2,30,,15228,1,,,2,70,,15229,1,,,2,30,,15230,1,,,2,70,,15231,1,,,2,30,,15232,1,,,2,70,,15234,1,,,2,30,,15235,1,,,2,70,,15236,1,,,2,30,,15237,1,,,2,70,,15238,1,,,2,30,,15239,1,,,2,70,,15240,1,,,2,30,,15241,1,,,2,70,,15242,1,,,2,30,,15243,1,,,2,70,,15245,1,,,2,30,,15246,1,,,2
22000235019,'sam',0,,15253,1,,,2,804,,15254,1,,,2,30,,15255,1,,,2,70,,15266,1,,,2,30,,15267,1,,,2,70,,15268,1,,,2,30,,15269,1,,,2,70,,15270,1,,,2,30,,15271,1,,,2,70,,15272,1,,,2,30,,15273,1,,,2,70,,15256,1,,,2,30,,15257,1,,,2,70,,15258,1,,,2,30,,15259,1,,,2,70,,15260,1,,,2,30,,15261,1,,,2,70,,15262,1,,,2,30,,15263,1,,,2,70,,15264,1,,,2,30,,15265,1,,,2
