14000800019,'LN',5,,10203,2,4,,2,913,,10204,2,4,,2,30,,10205,2,4,,2,70,,10216,2,4,,2,30,,10225,2,4,,2,70,,10226,2,4,,2,30,,10227,2,4,,2,70,,10228,2,4,,2,30,,10229,2,4,,2,70,,10230,2,4,,2,30,,10231,2,4,,2,70,,10206,2,4,,2,30,,10207,2,4,,2,70,,10208,2,4,,2,30,,10209,2,4,,2,70,,10210,2,4,,2,30,,10211,2,4,,2,70,,10212,2,4,,2,30,,10213,2,4,,2,70,,10214,2,4,,2,30,,10215,2,4,,2,70,,10217,2,4,,2,30,,10218,2,4,,2,70,,10219,2,4,,2,30,,10220,2,4,,2,70,,10221,2,4,,2,30,,10222,2,4,,2,70,,10223,2,4,,2,30,,10224,2,4,,2
14000800019,'VNJA',5,,10531,2,4,,2,713,,10532,2,4,,2,30,,10533,2,4,,2,70,,10544,2,4,,2,30,,10547,2,4,,2,70,,10548,2,4,,2,30,,10549,2,4,,2,70,,10550,2,4,,2,30,,10551,2,4,,2,70,,10552,2,4,,2,30,,10553,2,4,,2,70,,10534,2,4,,2,30,,10535,2,4,,2,70,,10536,2,4,,2,30,,10537,2,4,,2,70,,10538,2,4,,2,30,,10539,2,4,,2,70,,10540,2,4,,2,30,,10541,2,4,,2,70,,10542,2,4,,2,30,,10543,2,4,,2,70,,10545,2,4,,2,30,,10546,2,4,,2
14000800019,'dim',5,,10801,2,4,,2,913,,10802,2,4,,2,30,,10803,2,4,,2,70,,10812,2,4,,2,30,,10813,2,4,,2,70,,10814,2,4,,2,30,,10815,2,4,,2,70,,10816,2,4,,2,30,,10817,2,4,,2,70,,10818,2,4,,2,30,,10819,2,4,,2,70,,10804,2,4,,2,30,,10805,2,4,,2,70,,10806,2,4,,2,30,,10807,2,4,,2,70,,10808,2,4,,2,30,,10809,2,4,,2,70,,10810,2,4,,2,30,,10811,2,4,,2
14000800019,'lun-ven',5,,11249,2,4,,2,713,,11250,2,4,,2,30,,11251,2,4,,2,70,,11262,2,4,,2,30,,11273,2,4,,2,70,,11276,2,4,,2,30,,11277,2,4,,2,70,,11278,2,4,,2,30,,11279,2,4,,2,70,,11280,2,4,,2,30,,11281,2,4,,2,70,,11252,2,4,,2,30,,11253,2,4,,2,70,,11254,2,4,,2,30,,11255,2,4,,2,70,,11256,2,4,,2,30,,11257,2,4,,2,70,,11258,2,4,,2,30,,11259,2,4,,2,70,,11260,2,4,,2,30,,11261,2,4,,2,70,,11263,2,4,,2,30,,11264,2,4,,2,70,,11265,2,4,,2,30,,11266,2,4,,2,70,,11267,2,4,,2,30,,11268,2,4,,2,70,,11269,2,4,,2,30,,11270,2,4,,2,70,,11271,2,4,,2,30,,11272,2,4,,2,70,,11274,2,4,,2,30,,11275,2,4,,2
14000800019,'sam',5,,11555,2,4,,2,813,,11556,2,4,,2,30,,11557,2,4,,2,70,,11568,2,4,,2,30,,11569,2,4,,2,70,,11570,2,4,,2,30,,11571,2,4,,2,70,,11572,2,4,,2,30,,11573,2,4,,2,70,,11574,2,4,,2,30,,11575,2,4,,2,70,,11558,2,4,,2,30,,11559,2,4,,2,70,,11560,2,4,,2,30,,11561,2,4,,2,70,,11562,2,4,,2,30,,11563,2,4,,2,70,,11564,2,4,,2,30,,11565,2,4,,2,70,,11566,2,4,,2,30,,11567,2,4,,2
14000895019,'LN',0,,13256,1,,,2,905,,13257,1,,,2,30,,13258,1,,,2,70,,13269,1,,,2,30,,13278,1,,,2,70,,13279,1,,,2,30,,13280,1,,,2,70,,13281,1,,,2,30,,13282,1,,,2,70,,13283,1,,,2,30,,13284,1,,,2,70,,13259,1,,,2,30,,13260,1,,,2,70,,13261,1,,,2,30,,13262,1,,,2,70,,13263,1,,,2,30,,13264,1,,,2,70,,13265,1,,,2,30,,13266,1,,,2,70,,13267,1,,,2,30,,13268,1,,,2,70,,13270,1,,,2,30,,13271,1,,,2,70,,13272,1,,,2,30,,13273,1,,,2,70,,13274,1,,,2,30,,13275,1,,,2,70,,13276,1,,,2,30,,13277,1,,,2
14000895019,'VNJA',0,,13285,1,,,2,705,,13286,1,,,2,30,,13287,1,,,2,70,,13298,1,,,2,30,,13301,1,,,2,70,,13302,1,,,2,30,,13303,1,,,2,70,,13304,1,,,2,30,,13305,1,,,2,70,,13306,1,,,2,30,,13307,1,,,2,70,,13288,1,,,2,30,,13289,1,,,2,70,,13290,1,,,2,30,,13291,1,,,2,70,,13292,1,,,2,30,,13293,1,,,2,70,,13294,1,,,2,30,,13295,1,,,2,70,,13296,1,,,2,30,,13297,1,,,2,70,,13299,1,,,2,30,,13300,1,,,2
14000895019,'dim',0,,13308,1,,,2,905,,13309,1,,,2,30,,13310,1,,,2,70,,13319,1,,,2,30,,13320,1,,,2,70,,13321,1,,,2,30,,13322,1,,,2,70,,13323,1,,,2,30,,13324,1,,,2,70,,13325,1,,,2,30,,13326,1,,,2,70,,13311,1,,,2,30,,13312,1,,,2,70,,13313,1,,,2,30,,13314,1,,,2,70,,13315,1,,,2,30,,13316,1,,,2,70,,13317,1,,,2,30,,13318,1,,,2
14000895019,'lun-ven',0,,13327,1,,,2,705,,13328,1,,,2,30,,13329,1,,,2,70,,13340,1,,,2,30,,13351,1,,,2,70,,13354,1,,,2,30,,13355,1,,,2,70,,13356,1,,,2,30,,13357,1,,,2,70,,13358,1,,,2,30,,13359,1,,,2,70,,13330,1,,,2,30,,13331,1,,,2,70,,13332,1,,,2,30,,13333,1,,,2,70,,13334,1,,,2,30,,13335,1,,,2,70,,13336,1,,,2,30,,13337,1,,,2,70,,13338,1,,,2,30,,13339,1,,,2,70,,13341,1,,,2,30,,13342,1,,,2,70,,13343,1,,,2,30,,13344,1,,,2,70,,13345,1,,,2,30,,13346,1,,,2,70,,13347,1,,,2,30,,13348,1,,,2,70,,13349,1,,,2,30,,13350,1,,,2,70,,13352,1,,,2,30,,13353,1,,,2
14000895019,'sam',0,,13360,1,,,2,805,,13361,1,,,2,30,,13362,1,,,2,70,,13373,1,,,2,30,,13374,1,,,2,70,,13375,1,,,2,30,,13376,1,,,2,70,,13377,1,,,2,30,,13378,1,,,2,70,,13379,1,,,2,30,,13380,1,,,2,70,,13363,1,,,2,30,,13364,1,,,2,70,,13365,1,,,2,30,,13366,1,,,2,70,,13367,1,,,2,30,,13368,1,,,2,70,,13369,1,,,2,30,,13370,1,,,2,70,,13371,1,,,2,30,,13372,1,,,2
