7000100019,'LN',11,,3975,2,4,,2,913,,3976,2,4,,2,30,,3977,2,4,,2,70,,3988,2,4,,2,30,,3997,2,4,,2,70,,3998,2,4,,2,30,,3999,2,4,,2,70,,4000,2,4,,2,30,,4001,2,4,,2,70,,4002,2,4,,2,30,,4003,2,4,,2,70,,3978,2,4,,2,30,,3979,2,4,,2,70,,3980,2,4,,2,30,,3981,2,4,,2,70,,3982,2,4,,2,30,,3983,2,4,,2,70,,3984,2,4,,2,30,,3985,2,4,,2,70,,3986,2,4,,2,30,,3987,2,4,,2,70,,3989,2,4,,2,30,,3990,2,4,,2,70,,3991,2,4,,2,30,,3992,2,4,,2,70,,3993,2,4,,2,30,,3994,2,4,,2,70,,3995,2,4,,2,30,,3996,2,4,,2
7000100019,'VNJA',11,,4217,2,4,,2,713,,4218,2,4,,2,30,,4219,2,4,,2,70,,4230,2,4,,2,30,,4233,2,4,,2,70,,4234,2,4,,2,30,,4235,2,4,,2,70,,4236,2,4,,2,30,,4237,2,4,,2,70,,4238,2,4,,2,30,,4239,2,4,,2,70,,4220,2,4,,2,30,,4221,2,4,,2,70,,4222,2,4,,2,30,,4223,2,4,,2,70,,4224,2,4,,2,30,,4225,2,4,,2,70,,4226,2,4,,2,30,,4227,2,4,,2,70,,4228,2,4,,2,30,,4229,2,4,,2,70,,4231,2,4,,2,30,,4232,2,4,,2
7000100019,'dim',11,,4415,2,4,,2,913,,4416,2,4,,2,30,,4417,2,4,,2,70,,4426,2,4,,2,30,,4427,2,4,,2,70,,4428,2,4,,2,30,,4429,2,4,,2,70,,4430,2,4,,2,30,,4431,2,4,,2,70,,4432,2,4,,2,30,,4433,2,4,,2,70,,4418,2,4,,2,30,,4419,2,4,,2,70,,4420,2,4,,2,30,,4421,2,4,,2,70,,4422,2,4,,2,30,,4423,2,4,,2,70,,4424,2,4,,2,30,,4425,2,4,,2
7000100019,'lun-ven',11,,4717,2,4,,2,713,,4718,2,4,,2,30,,4719,2,4,,2,70,,4730,2,4,,2,30,,4741,2,4,,2,70,,4744,2,4,,2,30,,4745,2,4,,2,70,,4746,2,4,,2,30,,4747,2,4,,2,70,,4748,2,4,,2,30,,4749,2,4,,2,70,,4720,2,4,,2,30,,4721,2,4,,2,70,,4722,2,4,,2,30,,4723,2,4,,2,70,,4724,2,4,,2,30,,4725,2,4,,2,70,,4726,2,4,,2,30,,4727,2,4,,2,70,,4728,2,4,,2,30,,4729,2,4,,2,70,,4731,2,4,,2,30,,4732,2,4,,2,70,,4733,2,4,,2,30,,4734,2,4,,2,70,,4735,2,4,,2,30,,4736,2,4,,2,70,,4737,2,4,,2,30,,4738,2,4,,2,70,,4739,2,4,,2,30,,4740,2,4,,2,70,,4742,2,4,,2,30,,4743,2,4,,2
7000100019,'sam',11,,4951,2,4,,2,813,,4952,2,4,,2,30,,4953,2,4,,2,70,,4964,2,4,,2,30,,4965,2,4,,2,70,,4966,2,4,,2,30,,4967,2,4,,2,70,,4968,2,4,,2,30,,4969,2,4,,2,70,,4970,2,4,,2,30,,4971,2,4,,2,70,,4954,2,4,,2,30,,4955,2,4,,2,70,,4956,2,4,,2,30,,4957,2,4,,2,70,,4958,2,4,,2,30,,4959,2,4,,2,70,,4960,2,4,,2,30,,4961,2,4,,2,70,,4962,2,4,,2,30,,4963,2,4,,2
7000155019,'LN',0,,6033,1,,,2,856,,6034,1,,,2,70,,6035,1,,,2,30,,6046,1,,,2,70,,6056,1,,,2,30,,6057,1,,,2,70,,6058,1,,,2,30,,6059,1,,,2,70,,6060,1,,,2,30,,6061,1,,,2,70,,6062,1,,,2,30,,6036,1,,,2,70,,6037,1,,,2,30,,6038,1,,,2,70,,6039,1,,,2,30,,6040,1,,,2,70,,6041,1,,,2,30,,6042,1,,,2,70,,6043,1,,,2,30,,6044,1,,,2,70,,6045,1,,,2,30,,6047,1,,,2,70,,6048,1,,,2,30,,6049,1,,,2,70,,6050,1,,,2,30,,6051,1,,,2,70,,6052,1,,,2,30,,6053,1,,,2,70,,6054,1,,,2,30,,6055,1,,,2
7000155019,'VNJA',0,,6063,1,,,2,656,,6064,1,,,2,70,,6065,1,,,2,30,,6076,1,,,2,70,,6080,1,,,2,30,,6081,1,,,2,70,,6082,1,,,2,30,,6083,1,,,2,70,,6084,1,,,2,30,,6085,1,,,2,70,,6086,1,,,2,30,,6066,1,,,2,70,,6067,1,,,2,30,,6068,1,,,2,70,,6069,1,,,2,30,,6070,1,,,2,70,,6071,1,,,2,30,,6072,1,,,2,70,,6073,1,,,2,30,,6074,1,,,2,70,,6075,1,,,2,30,,6077,1,,,2,70,,6078,1,,,2,30,,6079,1,,,2
7000155019,'dim',0,,6087,1,,,2,856,,6088,1,,,2,70,,6089,1,,,2,30,,6099,1,,,2,70,,6100,1,,,2,30,,6101,1,,,2,70,,6102,1,,,2,30,,6103,1,,,2,70,,6104,1,,,2,30,,6105,1,,,2,70,,6106,1,,,2,30,,6090,1,,,2,70,,6091,1,,,2,30,,6092,1,,,2,70,,6093,1,,,2,30,,6094,1,,,2,70,,6095,1,,,2,30,,6096,1,,,2,70,,6097,1,,,2,30,,6098,1,,,2
7000155019,'lun-ven',0,,6107,1,,,2,656,,6108,1,,,2,70,,6109,1,,,2,30,,6120,1,,,2,70,,6131,1,,,2,30,,6135,1,,,2,70,,6136,1,,,2,30,,6137,1,,,2,70,,6138,1,,,2,30,,6139,1,,,2,70,,6140,1,,,2,30,,6110,1,,,2,70,,6111,1,,,2,30,,6112,1,,,2,70,,6113,1,,,2,30,,6114,1,,,2,70,,6115,1,,,2,30,,6116,1,,,2,70,,6117,1,,,2,30,,6118,1,,,2,70,,6119,1,,,2,30,,6121,1,,,2,70,,6122,1,,,2,30,,6123,1,,,2,70,,6124,1,,,2,30,,6125,1,,,2,70,,6126,1,,,2,30,,6127,1,,,2,70,,6128,1,,,2,30,,6129,1,,,2,70,,6130,1,,,2,30,,6132,1,,,2,70,,6133,1,,,2,30,,6134,1,,,2
7000155019,'sam',0,,6141,1,,,2,756,,6142,1,,,2,70,,6143,1,,,2,30,,6154,1,,,2,70,,6156,1,,,2,30,,6157,1,,,2,70,,6158,1,,,2,30,,6159,1,,,2,70,,6160,1,,,2,30,,6161,1,,,2,70,,6162,1,,,2,30,,6144,1,,,2,70,,6145,1,,,2,30,,6146,1,,,2,70,,6147,1,,,2,30,,6148,1,,,2,70,,6149,1,,,2,30,,6150,1,,,2,70,,6151,1,,,2,30,,6152,1,,,2,70,,6153,1,,,2,30,,6155,1,,,2
