13000600019,'LN',7,,9105,2,4,,2,913,,9106,2,4,,2,30,,9107,2,4,,2,70,,9118,2,4,,2,30,,9127,2,4,,2,70,,9128,2,4,,2,30,,9129,2,4,,2,70,,9130,2,4,,2,30,,9131,2,4,,2,70,,9132,2,4,,2,30,,9133,2,4,,2,70,,9108,2,4,,2,30,,9109,2,4,,2,70,,9110,2,4,,2,30,,9111,2,4,,2,70,,9112,2,4,,2,30,,9113,2,4,,2,70,,9114,2,4,,2,30,,9115,2,4,,2,70,,9116,2,4,,2,30,,9117,2,4,,2,70,,9119,2,4,,2,30,,9120,2,4,,2,70,,9121,2,4,,2,30,,9122,2,4,,2,70,,9123,2,4,,2,30,,9124,2,4,,2,70,,9125,2,4,,2,30,,9126,2,4,,2
13000600019,'VNJA',7,,9186,2,4,,2,713,,9187,2,4,,2,30,,9188,2,4,,2,70,,9199,2,4,,2,30,,9202,2,4,,2,70,,9203,2,4,,2,30,,9204,2,4,,2,70,,9205,2,4,,2,30,,9206,2,4,,2,70,,9207,2,4,,2,30,,9208,2,4,,2,70,,9189,2,4,,2,30,,9190,2,4,,2,70,,9191,2,4,,2,30,,9192,2,4,,2,70,,9193,2,4,,2,30,,9194,2,4,,2,70,,9195,2,4,,2,30,,9196,2,4,,2,70,,9197,2,4,,2,30,,9198,2,4,,2,70,,9200,2,4,,2,30,,9201,2,4,,2
13000600019,'dim',7,,9251,2,4,,2,913,,9252,2,4,,2,30,,9253,2,4,,2,70,,9262,2,4,,2,30,,9263,2,4,,2,70,,9264,2,4,,2,30,,9265,2,4,,2,70,,9266,2,4,,2,30,,9267,2,4,,2,70,,9268,2,4,,2,30,,9269,2,4,,2,70,,9254,2,4,,2,30,,9255,2,4,,2,70,,9256,2,4,,2,30,,9257,2,4,,2,70,,9258,2,4,,2,30,,9259,2,4,,2,70,,9260,2,4,,2,30,,9261,2,4,,2
13000600019,'lun-ven',7,,9322,2,4,,2,713,,9323,2,4,,2,30,,9324,2,4,,2,70,,9335,2,4,,2,30,,9346,2,4,,2,70,,9349,2,4,,2,30,,9350,2,4,,2,70,,9351,2,4,,2,30,,9352,2,4,,2,70,,9353,2,4,,2,30,,9354,2,4,,2,70,,9325,2,4,,2,30,,9326,2,4,,2,70,,9327,2,4,,2,30,,9328,2,4,,2,70,,9329,2,4,,2,30,,9330,2,4,,2,70,,9331,2,4,,2,30,,9332,2,4,,2,70,,9333,2,4,,2,30,,9334,2,4,,2,70,,9336,2,4,,2,30,,9337,2,4,,2,70,,9338,2,4,,2,30,,9339,2,4,,2,70,,9340,2,4,,2,30,,9341,2,4,,2,70,,9342,2,4,,2,30,,9343,2,4,,2,70,,9344,2,4,,2,30,,9345,2,4,,2,70,,9347,2,4,,2,30,,9348,2,4,,2
13000600019,'sam',7,,9409,2,4,,2,813,,9410,2,4,,2,30,,9411,2,4,,2,70,,9422,2,4,,2,30,,9423,2,4,,2,70,,9424,2,4,,2,30,,9425,2,4,,2,70,,9426,2,4,,2,30,,9427,2,4,,2,70,,9428,2,4,,2,30,,9429,2,4,,2,70,,9412,2,4,,2,30,,9413,2,4,,2,70,,9414,2,4,,2,30,,9415,2,4,,2,70,,9416,2,4,,2,30,,9417,2,4,,2,70,,9418,2,4,,2,30,,9419,2,4,,2,70,,9420,2,4,,2,30,,9421,2,4,,2
13000650019,'LN',0,,9576,1,,,2,903,,9577,1,,,2,30,,9578,1,,,2,70,,9589,1,,,2,30,,9598,1,,,2,70,,9599,1,,,2,30,,9600,1,,,2,70,,9601,1,,,2,30,,9602,1,,,2,70,,9603,1,,,2,30,,9604,1,,,2,70,,9579,1,,,2,30,,9580,1,,,2,70,,9581,1,,,2,30,,9582,1,,,2,70,,9583,1,,,2,30,,9584,1,,,2,70,,9585,1,,,2,30,,9586,1,,,2,70,,9587,1,,,2,30,,9588,1,,,2,70,,9590,1,,,2,30,,9591,1,,,2,70,,9592,1,,,2,30,,9593,1,,,2,70,,9594,1,,,2,30,,9595,1,,,2,70,,9596,1,,,2,30,,9597,1,,,2
13000650019,'VNJA',0,,9605,1,,,2,703,,9606,1,,,2,30,,9607,1,,,2,70,,9618,1,,,2,30,,9621,1,,,2,70,,9622,1,,,2,30,,9623,1,,,2,70,,9624,1,,,2,30,,9625,1,,,2,70,,9626,1,,,2,30,,9627,1,,,2,70,,9608,1,,,2,30,,9609,1,,,2,70,,9610,1,,,2,30,,9611,1,,,2,70,,9612,1,,,2,30,,9613,1,,,2,70,,9614,1,,,2,30,,9615,1,,,2,70,,9616,1,,,2,30,,9617,1,,,2,70,,9619,1,,,2,30,,9620,1,,,2
13000650019,'dim',0,,9628,1,,,2,903,,9629,1,,,2,30,,9630,1,,,2,70,,9639,1,,,2,30,,9640,1,,,2,70,,9641,1,,,2,30,,9642,1,,,2,70,,9643,1,,,2,30,,9644,1,,,2,70,,9645,1,,,2,30,,9646,1,,,2,70,,9631,1,,,2,30,,9632,1,,,2,70,,9633,1,,,2,30,,9634,1,,,2,70,,9635,1,,,2,30,,9636,1,,,2,70,,9637,1,,,2,30,,9638,1,,,2
13000650019,'lun-ven',0,,9647,1,,,2,703,,9648,1,,,2,30,,9649,1,,,2,70,,9660,1,,,2,30,,9671,1,,,2,70,,9674,1,,,2,30,,9675,1,,,2,70,,9676,1,,,2,30,,9677,1,,,2,70,,9678,1,,,2,30,,9679,1,,,2,70,,9650,1,,,2,30,,9651,1,,,2,70,,9652,1,,,2,30,,9653,1,,,2,70,,9654,1,,,2,30,,9655,1,,,2,70,,9656,1,,,2,30,,9657,1,,,2,70,,9658,1,,,2,30,,9659,1,,,2,70,,9661,1,,,2,30,,9662,1,,,2,70,,9663,1,,,2,30,,9664,1,,,2,70,,9665,1,,,2,30,,9666,1,,,2,70,,9667,1,,,2,30,,9668,1,,,2,70,,9669,1,,,2,30,,9670,1,,,2,70,,9672,1,,,2,30,,9673,1,,,2
13000650019,'sam',0,,9680,1,,,2,803,,9681,1,,,2,30,,9682,1,,,2,70,,9693,1,,,2,30,,9694,1,,,2,70,,9695,1,,,2,30,,9696,1,,,2,70,,9697,1,,,2,30,,9698,1,,,2,70,,9699,1,,,2,30,,9700,1,,,2,70,,9683,1,,,2,30,,9684,1,,,2,70,,9685,1,,,2,30,,9686,1,,,2,70,,9687,1,,,2,30,,9688,1,,,2,70,,9689,1,,,2,30,,9690,1,,,2,70,,9691,1,,,2,30,,9692,1,,,2
