22000200019,'LN',4,,13928,2,4,,2,918,,13929,2,4,,2,30,,13930,2,4,,2,70,,13941,2,4,,2,30,,13950,2,4,,2,70,,13951,2,4,,2,30,,13952,2,4,,2,70,,13953,2,4,,2,30,,13954,2,4,,2,70,,13955,2,4,,2,30,,13956,2,4,,2,70,,13931,2,4,,2,30,,13932,2,4,,2,70,,13933,2,4,,2,30,,13934,2,4,,2,70,,13935,2,4,,2,30,,13936,2,4,,2,70,,13937,2,4,,2,30,,13938,2,4,,2,70,,13939,2,4,,2,30,,13940,2,4,,2,70,,13942,2,4,,2,30,,13943,2,4,,2,70,,13944,2,4,,2,30,,13945,2,4,,2,70,,13946,2,4,,2,30,,13947,2,4,,2,70,,13948,2,4,,2,30,,13949,2,4,,2
22000200019,'VNJA',4,,14125,2,4,,2,718,,14126,2,4,,2,30,,14127,2,4,,2,70,,14138,2,4,,2,30,,14141,2,4,,2,70,,14142,2,4,,2,30,,14143,2,4,,2,70,,14144,2,4,,2,30,,14145,2,4,,2,70,,14146,2,4,,2,30,,14147,2,4,,2,70,,14128,2,4,,2,30,,14129,2,4,,2,70,,14130,2,4,,2,30,,14131,2,4,,2,70,,14132,2,4,,2,30,,14133,2,4,,2,70,,14134,2,4,,2,30,,14135,2,4,,2,70,,14136,2,4,,2,30,,14137,2,4,,2,70,,14139,2,4,,2,30,,14140,2,4,,2
22000200019,'dim',4,,14282,2,4,,2,918,,14283,2,4,,2,30,,14284,2,4,,2,70,,14293,2,4,,2,30,,14294,2,4,,2,70,,14295,2,4,,2,30,,14296,2,4,,2,70,,14297,2,4,,2,30,,14298,2,4,,2,70,,14299,2,4,,2,30,,14300,2,4,,2,70,,14285,2,4,,2,30,,14286,2,4,,2,70,,14287,2,4,,2,30,,14288,2,4,,2,70,,14289,2,4,,2,30,,14290,2,4,,2,70,,14291,2,4,,2,30,,14292,2,4,,2
22000200019,'lun-ven',4,,14429,2,4,,2,718,,14430,2,4,,2,30,,14431,2,4,,2,70,,14442,2,4,,2,30,,14453,2,4,,2,70,,14456,2,4,,2,30,,14457,2,4,,2,70,,14458,2,4,,2,30,,14459,2,4,,2,70,,14460,2,4,,2,30,,14461,2,4,,2,70,,14432,2,4,,2,30,,14433,2,4,,2,70,,14434,2,4,,2,30,,14435,2,4,,2,70,,14436,2,4,,2,30,,14437,2,4,,2,70,,14438,2,4,,2,30,,14439,2,4,,2,70,,14440,2,4,,2,30,,14441,2,4,,2,70,,14443,2,4,,2,30,,14444,2,4,,2,70,,14445,2,4,,2,30,,14446,2,4,,2,70,,14447,2,4,,2,30,,14448,2,4,,2,70,,14449,2,4,,2,30,,14450,2,4,,2,70,,14451,2,4,,2,30,,14452,2,4,,2,70,,14454,2,4,,2,30,,14455,2,4,,2
22000200019,'sam',4,,14648,2,4,,2,818,,14649,2,4,,2,30,,14650,2,4,,2,70,,14661,2,4,,2,30,,14662,2,4,,2,70,,14663,2,4,,2,30,,14664,2,4,,2,70,,14665,2,4,,2,30,,14666,2,4,,2,70,,14667,2,4,,2,30,,14668,2,4,,2,70,,14651,2,4,,2,30,,14652,2,4,,2,70,,14653,2,4,,2,30,,14654,2,4,,2,70,,14655,2,4,,2,30,,14656,2,4,,2,70,,14657,2,4,,2,30,,14658,2,4,,2,70,,14659,2,4,,2,30,,14660,2,4,,2
22000220019,'LN',0,,14899,1,,,2,905,,14900,1,,,2,30,,14901,1,,,2,70,,14912,1,,,2,30,,14921,1,,,2,70,,14922,1,,,2,30,,14923,1,,,2,70,,14924,1,,,2,30,,14925,1,,,2,70,,14926,1,,,2,30,,14927,1,,,2,70,,14902,1,,,2,30,,14903,1,,,2,70,,14904,1,,,2,30,,14905,1,,,2,70,,14906,1,,,2,30,,14907,1,,,2,70,,14908,1,,,2,30,,14909,1,,,2,70,,14910,1,,,2,30,,14911,1,,,2,70,,14913,1,,,2,30,,14914,1,,,2,70,,14915,1,,,2,30,,14916,1,,,2,70,,14917,1,,,2,30,,14918,1,,,2,70,,14919,1,,,2,30,,14920,1,,,2
22000220019,'VNJA',0,,14928,1,,,2,705,,14929,1,,,2,30,,14930,1,,,2,70,,14941,1,,,2,30,,14944,1,,,2,70,,14945,1,,,2,30,,14946,1,,,2,70,,14947,1,,,2,30,,14948,1,,,2,70,,14949,1,,,2,30,,14950,1,,,2,70,,14931,1,,,2,30,,14932,1,,,2,70,,14933,1,,,2,30,,14934,1,,,2,70,,14935,1,,,2,30,,14936,1,,,2,70,,14937,1,,,2,30,,14938,1,,,2,70,,14939,1,,,2,30,,14940,1,,,2,70,,14942,1,,,2,30,,14943,1,,,2
22000220019,'dim',0,,14951,1,,,2,905,,14952,1,,,2,30,,14953,1,,,2,70,,14962,1,,,2,30,,14963,1,,,2,70,,14964,1,,,2,30,,14965,1,,,2,70,,14966,1,,,2,30,,14967,1,,,2,70,,14968,1,,,2,30,,14969,1,,,2,70,,14954,1,,,2,30,,14955,1,,,2,70,,14956,1,,,2,30,,14957,1,,,2,70,,14958,1,,,2,30,,14959,1,,,2,70,,14960,1,,,2,30,,14961,1,,,2
22000220019,'lun-ven',0,,14970,1,,,2,705,,14971,1,,,2,30,,14972,1,,,2,70,,14983,1,,,2,30,,14994,1,,,2,70,,14997,1,,,2,30,,14998,1,,,2,70,,14999,1,,,2,30,,15000,1,,,2,70,,15001,1,,,2,30,,15002,1,,,2,70,,14973,1,,,2,30,,14974,1,,,2,70,,14975,1,,,2,30,,14976,1,,,2,70,,14977,1,,,2,30,,14978,1,,,2,70,,14979,1,,,2,30,,14980,1,,,2,70,,14981,1,,,2,30,,14982,1,,,2,70,,14984,1,,,2,30,,14985,1,,,2,70,,14986,1,,,2,30,,14987,1,,,2,70,,14988,1,,,2,30,,14989,1,,,2,70,,14990,1,,,2,30,,14991,1,,,2,70,,14992,1,,,2,30,,14993,1,,,2,70,,14995,1,,,2,30,,14996,1,,,2
22000220019,'sam',0,,15003,1,,,2,805,,15004,1,,,2,30,,15005,1,,,2,70,,15016,1,,,2,30,,15017,1,,,2,70,,15018,1,,,2,30,,15019,1,,,2,70,,15020,1,,,2,30,,15021,1,,,2,70,,15022,1,,,2,30,,15023,1,,,2,70,,15006,1,,,2,30,,15007,1,,,2,70,,15008,1,,,2,30,,15009,1,,,2,70,,15010,1,,,2,30,,15011,1,,,2,70,,15012,1,,,2,30,,15013,1,,,2,70,,15014,1,,,2,30,,15015,1,,,2
