3019,'LN',14,,243,14,,,2,900,,244,14,,,2,30,,245,14,,,2,70,,256,14,,,2,30,,266,14,,,2,70,,267,14,,,2,30,,268,14,,,2,70,,269,14,,,2,30,,270,14,,,2,70,,271,14,,,2,30,,272,14,,,2,70,,246,14,,,2,30,,247,14,,,2,70,,248,14,,,2,30,,249,14,,,2,70,,250,14,,,2,30,,251,14,,,2,70,,252,14,,,2,30,,253,14,,,2,70,,254,14,,,2,30,,255,14,,,2,70,,257,14,,,2,30,,258,14,,,2,70,,259,14,,,2,30,,260,14,,,2,70,,261,14,,,2,30,,262,14,,,2,70,,263,14,,,2,30,,264,14,,,2,70,,265,14,,,2
3019,'VNJA',14,,273,14,,,2,700,,274,14,,,2,30,,275,14,,,2,70,,286,14,,,2,30,,290,14,,,2,70,,291,14,,,2,30,,292,14,,,2,70,,293,14,,,2,30,,294,14,,,2,70,,295,14,,,2,30,,296,14,,,2,70,,276,14,,,2,30,,277,14,,,2,70,,278,14,,,2,30,,279,14,,,2,70,,280,14,,,2,30,,281,14,,,2,70,,282,14,,,2,30,,283,14,,,2,70,,284,14,,,2,30,,285,14,,,2,70,,287,14,,,2,30,,288,14,,,2,70,,289,14,,,2
3019,'dim',14,,297,14,,,2,930,,298,14,,,2,100,,299,14,,,2,100,,300,14,,,2,100,,301,14,,,2,100,,302,14,,,2,100,,303,14,,,2,100,,304,14,,,2,100,,305,14,,,2,100,,306,14,,,2
3019,'lun-ven',14,,307,14,,,2,700,,308,14,,,2,30,,309,14,,,2,70,,320,14,,,2,30,,331,14,,,2,70,,335,14,,,2,30,,336,14,,,2,70,,337,14,,,2,30,,338,14,,,2,70,,339,14,,,2,30,,340,14,,,2,70,,310,14,,,2,30,,311,14,,,2,70,,312,14,,,2,30,,313,14,,,2,70,,314,14,,,2,30,,315,14,,,2,70,,316,14,,,2,30,,317,14,,,2,70,,318,14,,,2,30,,319,14,,,2,70,,321,14,,,2,30,,322,14,,,2,70,,323,14,,,2,30,,324,14,,,2,70,,325,14,,,2,30,,326,14,,,2,70,,327,14,,,2,30,,328,14,,,2,70,,329,14,,,2,30,,330,14,,,2,70,,332,14,,,2,30,,333,14,,,2,70,,334,14,,,2
3019,'sam',14,,341,14,,,2,800,,342,14,,,2,30,,343,14,,,2,70,,354,14,,,2,30,,356,14,,,2,70,,357,14,,,2,30,,358,14,,,2,70,,359,14,,,2,30,,360,14,,,2,70,,361,14,,,2,30,,362,14,,,2,70,,344,14,,,2,30,,345,14,,,2,70,,346,14,,,2,30,,347,14,,,2,70,,348,14,,,2,30,,349,14,,,2,70,,350,14,,,2,30,,351,14,,,2,70,,352,14,,,2,30,,353,14,,,2,70,,355,14,,,2
140005019,'LN',13,,670,12,,,2,900,,671,12,,,2,30,,672,12,,,2,70,,683,12,,,2,30,,693,12,,,2,70,,694,12,,,2,30,,695,12,,,2,70,,696,12,,,2,30,,697,12,,,2,70,,698,12,,,2,30,,699,12,,,2,70,,673,12,,,2,30,,674,12,,,2,70,,675,12,,,2,30,,676,12,,,2,70,,677,12,,,2,30,,678,12,,,2,70,,679,12,,,2,30,,680,12,,,2,70,,681,12,,,2,30,,682,12,,,2,70,,684,12,,,2,30,,685,12,,,2,70,,686,12,,,2,30,,687,12,,,2,70,,688,12,,,2,30,,689,12,,,2,70,,690,12,,,2,30,,691,12,,,2,70,,692,12,,,2
140005019,'VNJA',13,,700,12,,,2,530,,701,12,,,2,70,,702,12,,,2,30,,713,12,,,2,70,,720,12,,,2,30,,721,12,,,2,70,,722,12,,,2,30,,723,12,,,2,70,,724,12,,,2,30,,725,12,,,2,70,,726,12,,,2,30,,703,12,,,2,70,,704,12,,,2,30,,705,12,,,2,70,,706,12,,,2,30,,707,12,,,2,70,,708,12,,,2,30,,709,12,,,2,70,,710,12,,,2,30,,711,12,,,2,70,,712,12,,,2,30,,714,12,,,2,70,,715,12,,,2,30,,716,12,,,2,70,,717,12,,,2,30,,718,12,,,2,70,,719,12,,,2
140005019,'dim',13,,727,12,,,2,930,,728,12,,,2,100,,729,12,,,2,100,,730,12,,,2,100,,731,12,,,2,100,,732,12,,,2,100,,733,12,,,2,100,,734,12,,,2,100,,735,12,,,2,100,,736,12,,,2
140005019,'lun-ven',13,,737,12,,,2,530,,738,12,,,2,70,,739,12,,,2,30,,750,12,,,2,70,,761,12,,,2,30,,771,12,,,2,70,,772,12,,,2,30,,773,12,,,2,70,,774,12,,,2,30,,775,12,,,2,70,,776,12,,,2,30,,740,12,,,2,70,,741,12,,,2,30,,742,12,,,2,70,,743,12,,,2,30,,744,12,,,2,70,,745,12,,,2,30,,746,12,,,2,70,,747,12,,,2,30,,748,12,,,2,70,,749,12,,,2,30,,751,12,,,2,70,,752,12,,,2,30,,753,12,,,2,70,,754,12,,,2,30,,755,12,,,2,70,,756,12,,,2,30,,757,12,,,2,70,,758,12,,,2,30,,759,12,,,2,70,,760,12,,,2,30,,762,12,,,2,70,,763,12,,,2,30,,764,12,,,2,70,,765,12,,,2,30,,766,12,,,2,70,,767,12,,,2,30,,768,12,,,2,70,,769,12,,,2,30,,770,12,,,2
140005019,'sam',13,,777,12,,,2,800,,778,12,,,2,30,,779,12,,,2,70,,790,12,,,2,30,,792,12,,,2,70,,793,12,,,2,30,,794,12,,,2,70,,795,12,,,2,30,,796,12,,,2,70,,797,12,,,2,30,,798,12,,,2,70,,780,12,,,2,30,,781,12,,,2,70,,782,12,,,2,30,,783,12,,,2,70,,784,12,,,2,30,,785,12,,,2,70,,786,12,,,2,30,,787,12,,,2,70,,788,12,,,2,30,,789,12,,,2,70,,791,12,,,2
