1000400019,'LN',14,,2016,2,4,,2,909,,2017,2,4,,2,30,,2018,2,4,,2,70,,2029,2,4,,2,30,,2038,2,4,,2,70,,2039,2,4,,2,30,,2040,2,4,,2,70,,2041,2,4,,2,30,,2042,2,4,,2,70,,2043,2,4,,2,30,,2044,2,4,,2,70,,2019,2,4,,2,30,,2020,2,4,,2,70,,2021,2,4,,2,30,,2022,2,4,,2,70,,2023,2,4,,2,30,,2024,2,4,,2,70,,2025,2,4,,2,30,,2026,2,4,,2,70,,2027,2,4,,2,30,,2028,2,4,,2,70,,2030,2,4,,2,30,,2031,2,4,,2,70,,2032,2,4,,2,30,,2033,2,4,,2,70,,2034,2,4,,2,30,,2035,2,4,,2,70,,2036,2,4,,2,30,,2037,2,4,,2
1000400019,'VNJA',14,,2120,2,4,,2,709,,2121,2,4,,2,30,,2122,2,4,,2,70,,2133,2,4,,2,30,,2136,2,4,,2,70,,2137,2,4,,2,30,,2138,2,4,,2,70,,2139,2,4,,2,30,,2140,2,4,,2,70,,2141,2,4,,2,30,,2142,2,4,,2,70,,2123,2,4,,2,30,,2124,2,4,,2,70,,2125,2,4,,2,30,,2126,2,4,,2,70,,2127,2,4,,2,30,,2128,2,4,,2,70,,2129,2,4,,2,30,,2130,2,4,,2,70,,2131,2,4,,2,30,,2132,2,4,,2,70,,2134,2,4,,2,30,,2135,2,4,,2
1000400019,'dim',14,,2204,2,4,,2,909,,2205,2,4,,2,30,,2206,2,4,,2,70,,2215,2,4,,2,30,,2216,2,4,,2,70,,2217,2,4,,2,30,,2218,2,4,,2,70,,2219,2,4,,2,30,,2220,2,4,,2,70,,2221,2,4,,2,30,,2222,2,4,,2,70,,2207,2,4,,2,30,,2208,2,4,,2,70,,2209,2,4,,2,30,,2210,2,4,,2,70,,2211,2,4,,2,30,,2212,2,4,,2,70,,2213,2,4,,2,30,,2214,2,4,,2
1000400019,'lun-ven',14,,2308,2,4,,2,709,,2309,2,4,,2,30,,2310,2,4,,2,70,,2321,2,4,,2,30,,2332,2,4,,2,70,,2335,2,4,,2,30,,2336,2,4,,2,70,,2337,2,4,,2,30,,2338,2,4,,2,70,,2339,2,4,,2,30,,2340,2,4,,2,70,,2311,2,4,,2,30,,2312,2,4,,2,70,,2313,2,4,,2,30,,2314,2,4,,2,70,,2315,2,4,,2,30,,2316,2,4,,2,70,,2317,2,4,,2,30,,2318,2,4,,2,70,,2319,2,4,,2,30,,2320,2,4,,2,70,,2322,2,4,,2,30,,2323,2,4,,2,70,,2324,2,4,,2,30,,2325,2,4,,2,70,,2326,2,4,,2,30,,2327,2,4,,2,70,,2328,2,4,,2,30,,2329,2,4,,2,70,,2330,2,4,,2,30,,2331,2,4,,2,70,,2333,2,4,,2,30,,2334,2,4,,2
1000400019,'sam',14,,2416,2,4,,2,809,,2417,2,4,,2,30,,2418,2,4,,2,70,,2429,2,4,,2,30,,2430,2,4,,2,70,,2431,2,4,,2,30,,2432,2,4,,2,70,,2433,2,4,,2,30,,2434,2,4,,2,70,,2435,2,4,,2,30,,2436,2,4,,2,70,,2419,2,4,,2,30,,2420,2,4,,2,70,,2421,2,4,,2,30,,2422,2,4,,2,70,,2423,2,4,,2,30,,2424,2,4,,2,70,,2425,2,4,,2,30,,2426,2,4,,2,70,,2427,2,4,,2,30,,2428,2,4,,2
1000415019,'LN',0,,2718,1,,,2,852,,2719,1,,,2,70,,2720,1,,,2,30,,2731,1,,,2,70,,2741,1,,,2,30,,2742,1,,,2,70,,2743,1,,,2,30,,2744,1,,,2,70,,2745,1,,,2,30,,2746,1,,,2,70,,2747,1,,,2,30,,2721,1,,,2,70,,2722,1,,,2,30,,2723,1,,,2,70,,2724,1,,,2,30,,2725,1,,,2,70,,2726,1,,,2,30,,2727,1,,,2,70,,2728,1,,,2,30,,2729,1,,,2,70,,2730,1,,,2,30,,2732,1,,,2,70,,2733,1,,,2,30,,2734,1,,,2,70,,2735,1,,,2,30,,2736,1,,,2,70,,2737,1,,,2,30,,2738,1,,,2,70,,2739,1,,,2,30,,2740,1,,,2
1000415019,'VNJA',0,,2748,1,,,2,652,,2749,1,,,2,70,,2750,1,,,2,30,,2761,1,,,2,70,,2765,1,,,2,30,,2766,1,,,2,70,,2767,1,,,2,30,,2768,1,,,2,70,,2769,1,,,2,30,,2770,1,,,2,70,,2771,1,,,2,30,,2751,1,,,2,70,,2752,1,,,2,30,,2753,1,,,2,70,,2754,1,,,2,30,,2755,1,,,2,70,,2756,1,,,2,30,,2757,1,,,2,70,,2758,1,,,2,30,,2759,1,,,2,70,,2760,1,,,2,30,,2762,1,,,2,70,,2763,1,,,2,30,,2764,1,,,2
1000415019,'dim',0,,2772,1,,,2,852,,2773,1,,,2,70,,2774,1,,,2,30,,2784,1,,,2,70,,2785,1,,,2,30,,2786,1,,,2,70,,2787,1,,,2,30,,2788,1,,,2,70,,2789,1,,,2,30,,2790,1,,,2,70,,2791,1,,,2,30,,2775,1,,,2,70,,2776,1,,,2,30,,2777,1,,,2,70,,2778,1,,,2,30,,2779,1,,,2,70,,2780,1,,,2,30,,2781,1,,,2,70,,2782,1,,,2,30,,2783,1,,,2
1000415019,'lun-ven',0,,2792,1,,,2,652,,2793,1,,,2,70,,2794,1,,,2,30,,2805,1,,,2,70,,2816,1,,,2,30,,2820,1,,,2,70,,2821,1,,,2,30,,2822,1,,,2,70,,2823,1,,,2,30,,2824,1,,,2,70,,2825,1,,,2,30,,2795,1,,,2,70,,2796,1,,,2,30,,2797,1,,,2,70,,2798,1,,,2,30,,2799,1,,,2,70,,2800,1,,,2,30,,2801,1,,,2,70,,2802,1,,,2,30,,2803,1,,,2,70,,2804,1,,,2,30,,2806,1,,,2,70,,2807,1,,,2,30,,2808,1,,,2,70,,2809,1,,,2,30,,2810,1,,,2,70,,2811,1,,,2,30,,2812,1,,,2,70,,2813,1,,,2,30,,2814,1,,,2,70,,2815,1,,,2,30,,2817,1,,,2,70,,2818,1,,,2,30,,2819,1,,,2
1000415019,'sam',0,,2826,1,,,2,752,,2827,1,,,2,70,,2828,1,,,2,30,,2839,1,,,2,70,,2841,1,,,2,30,,2842,1,,,2,70,,2843,1,,,2,30,,2844,1,,,2,70,,2845,1,,,2,30,,2846,1,,,2,70,,2847,1,,,2,30,,2829,1,,,2,70,,2830,1,,,2,30,,2831,1,,,2,70,,2832,1,,,2,30,,2833,1,,,2,70,,2834,1,,,2,30,,2835,1,,,2,70,,2836,1,,,2,30,,2837,1,,,2,70,,2838,1,,,2,30,,2840,1,,,2
