1000400019,'LN',12,,1958,2,4,,2,909,,1959,2,4,,2,30,,1960,2,4,,2,70,,1971,2,4,,2,30,,1980,2,4,,2,70,,1981,2,4,,2,30,,1982,2,4,,2,70,,1983,2,4,,2,30,,1984,2,4,,2,70,,1985,2,4,,2,30,,1986,2,4,,2,70,,1961,2,4,,2,30,,1962,2,4,,2,70,,1963,2,4,,2,30,,1964,2,4,,2,70,,1965,2,4,,2,30,,1966,2,4,,2,70,,1967,2,4,,2,30,,1968,2,4,,2,70,,1969,2,4,,2,30,,1970,2,4,,2,70,,1972,2,4,,2,30,,1973,2,4,,2,70,,1974,2,4,,2,30,,1975,2,4,,2,70,,1976,2,4,,2,30,,1977,2,4,,2,70,,1978,2,4,,2,30,,1979,2,4,,2
1000400019,'VNJA',12,,2074,2,4,,2,709,,2075,2,4,,2,30,,2076,2,4,,2,70,,2087,2,4,,2,30,,2090,2,4,,2,70,,2091,2,4,,2,30,,2092,2,4,,2,70,,2093,2,4,,2,30,,2094,2,4,,2,70,,2095,2,4,,2,30,,2096,2,4,,2,70,,2077,2,4,,2,30,,2078,2,4,,2,70,,2079,2,4,,2,30,,2080,2,4,,2,70,,2081,2,4,,2,30,,2082,2,4,,2,70,,2083,2,4,,2,30,,2084,2,4,,2,70,,2085,2,4,,2,30,,2086,2,4,,2,70,,2088,2,4,,2,30,,2089,2,4,,2
1000400019,'dim',12,,2166,2,4,,2,909,,2167,2,4,,2,30,,2168,2,4,,2,70,,2177,2,4,,2,30,,2178,2,4,,2,70,,2179,2,4,,2,30,,2180,2,4,,2,70,,2181,2,4,,2,30,,2182,2,4,,2,70,,2183,2,4,,2,30,,2184,2,4,,2,70,,2169,2,4,,2,30,,2170,2,4,,2,70,,2171,2,4,,2,30,,2172,2,4,,2,70,,2173,2,4,,2,30,,2174,2,4,,2,70,,2175,2,4,,2,30,,2176,2,4,,2
1000400019,'lun-ven',12,,2242,2,4,,2,709,,2243,2,4,,2,30,,2244,2,4,,2,70,,2255,2,4,,2,30,,2266,2,4,,2,70,,2269,2,4,,2,30,,2270,2,4,,2,70,,2271,2,4,,2,30,,2272,2,4,,2,70,,2273,2,4,,2,30,,2274,2,4,,2,70,,2245,2,4,,2,30,,2246,2,4,,2,70,,2247,2,4,,2,30,,2248,2,4,,2,70,,2249,2,4,,2,30,,2250,2,4,,2,70,,2251,2,4,,2,30,,2252,2,4,,2,70,,2253,2,4,,2,30,,2254,2,4,,2,70,,2256,2,4,,2,30,,2257,2,4,,2,70,,2258,2,4,,2,30,,2259,2,4,,2,70,,2260,2,4,,2,30,,2261,2,4,,2,70,,2262,2,4,,2,30,,2263,2,4,,2,70,,2264,2,4,,2,30,,2265,2,4,,2,70,,2267,2,4,,2,30,,2268,2,4,,2
1000400019,'sam',12,,2374,2,4,,2,809,,2375,2,4,,2,30,,2376,2,4,,2,70,,2387,2,4,,2,30,,2388,2,4,,2,70,,2389,2,4,,2,30,,2390,2,4,,2,70,,2391,2,4,,2,30,,2392,2,4,,2,70,,2393,2,4,,2,30,,2394,2,4,,2,70,,2377,2,4,,2,30,,2378,2,4,,2,70,,2379,2,4,,2,30,,2380,2,4,,2,70,,2381,2,4,,2,30,,2382,2,4,,2,70,,2383,2,4,,2,30,,2384,2,4,,2,70,,2385,2,4,,2,30,,2386,2,4,,2
1000405019,'LN',0,,2458,1,,,2,854,,2459,1,,,2,70,,2460,1,,,2,30,,2471,1,,,2,70,,2481,1,,,2,30,,2482,1,,,2,70,,2483,1,,,2,30,,2484,1,,,2,70,,2485,1,,,2,30,,2486,1,,,2,70,,2487,1,,,2,30,,2461,1,,,2,70,,2462,1,,,2,30,,2463,1,,,2,70,,2464,1,,,2,30,,2465,1,,,2,70,,2466,1,,,2,30,,2467,1,,,2,70,,2468,1,,,2,30,,2469,1,,,2,70,,2470,1,,,2,30,,2472,1,,,2,70,,2473,1,,,2,30,,2474,1,,,2,70,,2475,1,,,2,30,,2476,1,,,2,70,,2477,1,,,2,30,,2478,1,,,2,70,,2479,1,,,2,30,,2480,1,,,2
1000405019,'VNJA',0,,2488,1,,,2,654,,2489,1,,,2,70,,2490,1,,,2,30,,2501,1,,,2,70,,2505,1,,,2,30,,2506,1,,,2,70,,2507,1,,,2,30,,2508,1,,,2,70,,2509,1,,,2,30,,2510,1,,,2,70,,2511,1,,,2,30,,2491,1,,,2,70,,2492,1,,,2,30,,2493,1,,,2,70,,2494,1,,,2,30,,2495,1,,,2,70,,2496,1,,,2,30,,2497,1,,,2,70,,2498,1,,,2,30,,2499,1,,,2,70,,2500,1,,,2,30,,2502,1,,,2,70,,2503,1,,,2,30,,2504,1,,,2
1000405019,'dim',0,,2512,1,,,2,854,,2513,1,,,2,70,,2514,1,,,2,30,,2524,1,,,2,70,,2525,1,,,2,30,,2526,1,,,2,70,,2527,1,,,2,30,,2528,1,,,2,70,,2529,1,,,2,30,,2530,1,,,2,70,,2531,1,,,2,30,,2515,1,,,2,70,,2516,1,,,2,30,,2517,1,,,2,70,,2518,1,,,2,30,,2519,1,,,2,70,,2520,1,,,2,30,,2521,1,,,2,70,,2522,1,,,2,30,,2523,1,,,2
1000405019,'lun-ven',0,,2532,1,,,2,654,,2533,1,,,2,70,,2534,1,,,2,30,,2545,1,,,2,70,,2556,1,,,2,30,,2560,1,,,2,70,,2561,1,,,2,30,,2562,1,,,2,70,,2563,1,,,2,30,,2564,1,,,2,70,,2565,1,,,2,30,,2535,1,,,2,70,,2536,1,,,2,30,,2537,1,,,2,70,,2538,1,,,2,30,,2539,1,,,2,70,,2540,1,,,2,30,,2541,1,,,2,70,,2542,1,,,2,30,,2543,1,,,2,70,,2544,1,,,2,30,,2546,1,,,2,70,,2547,1,,,2,30,,2548,1,,,2,70,,2549,1,,,2,30,,2550,1,,,2,70,,2551,1,,,2,30,,2552,1,,,2,70,,2553,1,,,2,30,,2554,1,,,2,70,,2555,1,,,2,30,,2557,1,,,2,70,,2558,1,,,2,30,,2559,1,,,2
1000405019,'sam',0,,2566,1,,,2,754,,2567,1,,,2,70,,2568,1,,,2,30,,2579,1,,,2,70,,2581,1,,,2,30,,2582,1,,,2,70,,2583,1,,,2,30,,2584,1,,,2,70,,2585,1,,,2,30,,2586,1,,,2,70,,2587,1,,,2,30,,2569,1,,,2,70,,2570,1,,,2,30,,2571,1,,,2,70,,2572,1,,,2,30,,2573,1,,,2,70,,2574,1,,,2,30,,2575,1,,,2,70,,2576,1,,,2,30,,2577,1,,,2,70,,2578,1,,,2,30,,2580,1,,,2
