10000500019,'LN',11,,6438,2,4,,2,908,,6439,2,4,,2,30,,6440,2,4,,2,70,,6451,2,4,,2,30,,6460,2,4,,2,70,,6461,2,4,,2,30,,6462,2,4,,2,70,,6463,2,4,,2,30,,6464,2,4,,2,70,,6465,2,4,,2,30,,6466,2,4,,2,70,,6441,2,4,,2,30,,6442,2,4,,2,70,,6443,2,4,,2,30,,6444,2,4,,2,70,,6445,2,4,,2,30,,6446,2,4,,2,70,,6447,2,4,,2,30,,6448,2,4,,2,70,,6449,2,4,,2,30,,6450,2,4,,2,70,,6452,2,4,,2,30,,6453,2,4,,2,70,,6454,2,4,,2,30,,6455,2,4,,2,70,,6456,2,4,,2,30,,6457,2,4,,2,70,,6458,2,4,,2,30,,6459,2,4,,2
10000500019,'VNJA',11,,6727,2,4,,2,708,,6728,2,4,,2,30,,6729,2,4,,2,70,,6740,2,4,,2,30,,6743,2,4,,2,70,,6744,2,4,,2,30,,6745,2,4,,2,70,,6746,2,4,,2,30,,6747,2,4,,2,70,,6748,2,4,,2,30,,6749,2,4,,2,70,,6730,2,4,,2,30,,6731,2,4,,2,70,,6732,2,4,,2,30,,6733,2,4,,2,70,,6734,2,4,,2,30,,6735,2,4,,2,70,,6736,2,4,,2,30,,6737,2,4,,2,70,,6738,2,4,,2,30,,6739,2,4,,2,70,,6741,2,4,,2,30,,6742,2,4,,2
10000500019,'dim',11,,6960,2,4,,2,908,,6961,2,4,,2,30,,6962,2,4,,2,70,,6971,2,4,,2,30,,6972,2,4,,2,70,,6973,2,4,,2,30,,6974,2,4,,2,70,,6975,2,4,,2,30,,6976,2,4,,2,70,,6977,2,4,,2,30,,6978,2,4,,2,70,,6963,2,4,,2,30,,6964,2,4,,2,70,,6965,2,4,,2,30,,6966,2,4,,2,70,,6967,2,4,,2,30,,6968,2,4,,2,70,,6969,2,4,,2,30,,6970,2,4,,2
10000500019,'lun-ven',11,,7239,2,4,,2,708,,7240,2,4,,2,30,,7241,2,4,,2,70,,7252,2,4,,2,30,,7263,2,4,,2,70,,7266,2,4,,2,30,,7267,2,4,,2,70,,7268,2,4,,2,30,,7269,2,4,,2,70,,7270,2,4,,2,30,,7271,2,4,,2,70,,7242,2,4,,2,30,,7243,2,4,,2,70,,7244,2,4,,2,30,,7245,2,4,,2,70,,7246,2,4,,2,30,,7247,2,4,,2,70,,7248,2,4,,2,30,,7249,2,4,,2,70,,7250,2,4,,2,30,,7251,2,4,,2,70,,7253,2,4,,2,30,,7254,2,4,,2,70,,7255,2,4,,2,30,,7256,2,4,,2,70,,7257,2,4,,2,30,,7258,2,4,,2,70,,7259,2,4,,2,30,,7260,2,4,,2,70,,7261,2,4,,2,30,,7262,2,4,,2,70,,7264,2,4,,2,30,,7265,2,4,,2
10000500019,'sam',11,,7542,2,4,,2,808,,7543,2,4,,2,30,,7544,2,4,,2,70,,7555,2,4,,2,30,,7556,2,4,,2,70,,7557,2,4,,2,30,,7558,2,4,,2,70,,7559,2,4,,2,30,,7560,2,4,,2,70,,7561,2,4,,2,30,,7562,2,4,,2,70,,7545,2,4,,2,30,,7546,2,4,,2,70,,7547,2,4,,2,30,,7548,2,4,,2,70,,7549,2,4,,2,30,,7550,2,4,,2,70,,7551,2,4,,2,30,,7552,2,4,,2,70,,7553,2,4,,2,30,,7554,2,4,,2
10000530019,'LN',0,,8308,1,,,2,924,,8309,1,,,2,30,,8310,1,,,2,70,,8321,1,,,2,30,,8330,1,,,2,70,,8331,1,,,2,30,,8332,1,,,2,70,,8333,1,,,2,30,,8334,1,,,2,70,,8335,1,,,2,30,,8336,1,,,2,70,,8311,1,,,2,30,,8312,1,,,2,70,,8313,1,,,2,30,,8314,1,,,2,70,,8315,1,,,2,30,,8316,1,,,2,70,,8317,1,,,2,30,,8318,1,,,2,70,,8319,1,,,2,30,,8320,1,,,2,70,,8322,1,,,2,30,,8323,1,,,2,70,,8324,1,,,2,30,,8325,1,,,2,70,,8326,1,,,2,30,,8327,1,,,2,70,,8328,1,,,2,30,,8329,1,,,2
10000530019,'VNJA',0,,8337,1,,,2,654,,8338,1,,,2,70,,8339,1,,,2,30,,8350,1,,,2,70,,8354,1,,,2,30,,8355,1,,,2,70,,8356,1,,,2,30,,8357,1,,,2,70,,8358,1,,,2,30,,8359,1,,,2,70,,8360,1,,,2,30,,8340,1,,,2,70,,8341,1,,,2,30,,8342,1,,,2,70,,8343,1,,,2,30,,8344,1,,,2,70,,8345,1,,,2,30,,8346,1,,,2,70,,8347,1,,,2,30,,8348,1,,,2,70,,8349,1,,,2,30,,8351,1,,,2,70,,8352,1,,,2,30,,8353,1,,,2
10000530019,'dim',0,,8361,1,,,2,924,,8362,1,,,2,30,,8363,1,,,2,70,,8372,1,,,2,30,,8373,1,,,2,70,,8374,1,,,2,30,,8375,1,,,2,70,,8376,1,,,2,30,,8377,1,,,2,70,,8378,1,,,2,30,,8379,1,,,2,70,,8364,1,,,2,30,,8365,1,,,2,70,,8366,1,,,2,30,,8367,1,,,2,70,,8368,1,,,2,30,,8369,1,,,2,70,,8370,1,,,2,30,,8371,1,,,2
10000530019,'lun-ven',0,,8380,1,,,2,654,,8381,1,,,2,70,,8382,1,,,2,30,,8393,1,,,2,70,,8404,1,,,2,30,,8408,1,,,2,70,,8409,1,,,2,30,,8410,1,,,2,70,,8411,1,,,2,30,,8412,1,,,2,70,,8413,1,,,2,30,,8383,1,,,2,70,,8384,1,,,2,30,,8385,1,,,2,70,,8386,1,,,2,30,,8387,1,,,2,70,,8388,1,,,2,30,,8389,1,,,2,70,,8390,1,,,2,30,,8391,1,,,2,70,,8392,1,,,2,30,,8394,1,,,2,70,,8395,1,,,2,30,,8396,1,,,2,70,,8397,1,,,2,30,,8398,1,,,2,70,,8399,1,,,2,30,,8400,1,,,2,70,,8401,1,,,2,30,,8402,1,,,2,70,,8403,1,,,2,30,,8405,1,,,2,70,,8406,1,,,2,30,,8407,1,,,2
10000530019,'sam',0,,8414,1,,,2,754,,8415,1,,,2,70,,8416,1,,,2,30,,8427,1,,,2,70,,8429,1,,,2,30,,8430,1,,,2,70,,8431,1,,,2,30,,8432,1,,,2,70,,8433,1,,,2,30,,8434,1,,,2,70,,8435,1,,,2,30,,8417,1,,,2,70,,8418,1,,,2,30,,8419,1,,,2,70,,8420,1,,,2,30,,8421,1,,,2,70,,8422,1,,,2,30,,8423,1,,,2,70,,8424,1,,,2,30,,8425,1,,,2,70,,8426,1,,,2,30,,8428,1,,,2
