319600019,'LN',15,,1251,2,4,,2,913,,1252,2,4,,2,30,,1253,2,4,,2,70,,1264,2,4,,2,30,,1273,2,4,,2,70,,1274,2,4,,2,30,,1275,2,4,,2,70,,1276,2,4,,2,30,,1277,2,4,,2,70,,1278,2,4,,2,30,,1279,2,4,,2,70,,1254,2,4,,2,30,,1255,2,4,,2,70,,1256,2,4,,2,30,,1257,2,4,,2,70,,1258,2,4,,2,30,,1259,2,4,,2,70,,1260,2,4,,2,30,,1261,2,4,,2,70,,1262,2,4,,2,30,,1263,2,4,,2,70,,1265,2,4,,2,30,,1266,2,4,,2,70,,1267,2,4,,2,30,,1268,2,4,,2,70,,1269,2,4,,2,30,,1270,2,4,,2,70,,1271,2,4,,2,30,,1272,2,4,,2
319600019,'VNJA',15,,1326,2,4,,2,713,,1327,2,4,,2,30,,1328,2,4,,2,70,,1339,2,4,,2,30,,1342,2,4,,2,70,,1343,2,4,,2,30,,1344,2,4,,2,70,,1345,2,4,,2,30,,1346,2,4,,2,70,,1347,2,4,,2,30,,1348,2,4,,2,70,,1329,2,4,,2,30,,1330,2,4,,2,70,,1331,2,4,,2,30,,1332,2,4,,2,70,,1333,2,4,,2,30,,1334,2,4,,2,70,,1335,2,4,,2,30,,1336,2,4,,2,70,,1337,2,4,,2,30,,1338,2,4,,2,70,,1340,2,4,,2,30,,1341,2,4,,2
319600019,'dim',15,,1387,2,4,,2,913,,1388,2,4,,2,30,,1389,2,4,,2,70,,1398,2,4,,2,30,,1399,2,4,,2,70,,1400,2,4,,2,30,,1401,2,4,,2,70,,1402,2,4,,2,30,,1403,2,4,,2,70,,1404,2,4,,2,30,,1405,2,4,,2,70,,1390,2,4,,2,30,,1391,2,4,,2,70,,1392,2,4,,2,30,,1393,2,4,,2,70,,1394,2,4,,2,30,,1395,2,4,,2,70,,1396,2,4,,2,30,,1397,2,4,,2
319600019,'lun-ven',15,,1472,2,4,,2,713,,1473,2,4,,2,30,,1474,2,4,,2,70,,1485,2,4,,2,30,,1496,2,4,,2,70,,1499,2,4,,2,30,,1500,2,4,,2,70,,1501,2,4,,2,30,,1502,2,4,,2,70,,1503,2,4,,2,30,,1504,2,4,,2,70,,1475,2,4,,2,30,,1476,2,4,,2,70,,1477,2,4,,2,30,,1478,2,4,,2,70,,1479,2,4,,2,30,,1480,2,4,,2,70,,1481,2,4,,2,30,,1482,2,4,,2,70,,1483,2,4,,2,30,,1484,2,4,,2,70,,1486,2,4,,2,30,,1487,2,4,,2,70,,1488,2,4,,2,30,,1489,2,4,,2,70,,1490,2,4,,2,30,,1491,2,4,,2,70,,1492,2,4,,2,30,,1493,2,4,,2,70,,1494,2,4,,2,30,,1495,2,4,,2,70,,1497,2,4,,2,30,,1498,2,4,,2
319600019,'sam',15,,1547,2,4,,2,813,,1548,2,4,,2,30,,1549,2,4,,2,70,,1560,2,4,,2,30,,1561,2,4,,2,70,,1562,2,4,,2,30,,1563,2,4,,2,70,,1564,2,4,,2,30,,1565,2,4,,2,70,,1566,2,4,,2,30,,1567,2,4,,2,70,,1550,2,4,,2,30,,1551,2,4,,2,70,,1552,2,4,,2,30,,1553,2,4,,2,70,,1554,2,4,,2,30,,1555,2,4,,2,70,,1556,2,4,,2,30,,1557,2,4,,2,70,,1558,2,4,,2,30,,1559,2,4,,2
319625019,'LN',0,,1828,1,,,2,852,,1829,1,,,2,70,,1830,1,,,2,30,,1841,1,,,2,70,,1851,1,,,2,30,,1852,1,,,2,70,,1853,1,,,2,30,,1854,1,,,2,70,,1855,1,,,2,30,,1856,1,,,2,70,,1857,1,,,2,30,,1831,1,,,2,70,,1832,1,,,2,30,,1833,1,,,2,70,,1834,1,,,2,30,,1835,1,,,2,70,,1836,1,,,2,30,,1837,1,,,2,70,,1838,1,,,2,30,,1839,1,,,2,70,,1840,1,,,2,30,,1842,1,,,2,70,,1843,1,,,2,30,,1844,1,,,2,70,,1845,1,,,2,30,,1846,1,,,2,70,,1847,1,,,2,30,,1848,1,,,2,70,,1849,1,,,2,30,,1850,1,,,2
319625019,'VNJA',0,,1858,1,,,2,652,,1859,1,,,2,70,,1860,1,,,2,30,,1871,1,,,2,70,,1875,1,,,2,30,,1876,1,,,2,70,,1877,1,,,2,30,,1878,1,,,2,70,,1879,1,,,2,30,,1880,1,,,2,70,,1881,1,,,2,30,,1861,1,,,2,70,,1862,1,,,2,30,,1863,1,,,2,70,,1864,1,,,2,30,,1865,1,,,2,70,,1866,1,,,2,30,,1867,1,,,2,70,,1868,1,,,2,30,,1869,1,,,2,70,,1870,1,,,2,30,,1872,1,,,2,70,,1873,1,,,2,30,,1874,1,,,2
319625019,'dim',0,,1882,1,,,2,852,,1883,1,,,2,70,,1884,1,,,2,30,,1894,1,,,2,70,,1895,1,,,2,30,,1896,1,,,2,70,,1897,1,,,2,30,,1898,1,,,2,70,,1899,1,,,2,30,,1900,1,,,2,70,,1901,1,,,2,30,,1885,1,,,2,70,,1886,1,,,2,30,,1887,1,,,2,70,,1888,1,,,2,30,,1889,1,,,2,70,,1890,1,,,2,30,,1891,1,,,2,70,,1892,1,,,2,30,,1893,1,,,2
319625019,'lun-ven',0,,1902,1,,,2,652,,1903,1,,,2,70,,1904,1,,,2,30,,1915,1,,,2,70,,1926,1,,,2,30,,1930,1,,,2,70,,1931,1,,,2,30,,1932,1,,,2,70,,1933,1,,,2,30,,1934,1,,,2,70,,1935,1,,,2,30,,1905,1,,,2,70,,1906,1,,,2,30,,1907,1,,,2,70,,1908,1,,,2,30,,1909,1,,,2,70,,1910,1,,,2,30,,1911,1,,,2,70,,1912,1,,,2,30,,1913,1,,,2,70,,1914,1,,,2,30,,1916,1,,,2,70,,1917,1,,,2,30,,1918,1,,,2,70,,1919,1,,,2,30,,1920,1,,,2,70,,1921,1,,,2,30,,1922,1,,,2,70,,1923,1,,,2,30,,1924,1,,,2,70,,1925,1,,,2,30,,1927,1,,,2,70,,1928,1,,,2,30,,1929,1,,,2
319625019,'sam',0,,1936,1,,,2,752,,1937,1,,,2,70,,1938,1,,,2,30,,1949,1,,,2,70,,1951,1,,,2,30,,1952,1,,,2,70,,1953,1,,,2,30,,1954,1,,,2,70,,1955,1,,,2,30,,1956,1,,,2,70,,1957,1,,,2,30,,1939,1,,,2,70,,1940,1,,,2,30,,1941,1,,,2,70,,1942,1,,,2,30,,1943,1,,,2,70,,1944,1,,,2,30,,1945,1,,,2,70,,1946,1,,,2,30,,1947,1,,,2,70,,1948,1,,,2,30,,1950,1,,,2
