1000400019,'LN',13,,1987,2,4,,2,909,,1988,2,4,,2,30,,1989,2,4,,2,70,,2000,2,4,,2,30,,2009,2,4,,2,70,,2010,2,4,,2,30,,2011,2,4,,2,70,,2012,2,4,,2,30,,2013,2,4,,2,70,,2014,2,4,,2,30,,2015,2,4,,2,70,,1990,2,4,,2,30,,1991,2,4,,2,70,,1992,2,4,,2,30,,1993,2,4,,2,70,,1994,2,4,,2,30,,1995,2,4,,2,70,,1996,2,4,,2,30,,1997,2,4,,2,70,,1998,2,4,,2,30,,1999,2,4,,2,70,,2001,2,4,,2,30,,2002,2,4,,2,70,,2003,2,4,,2,30,,2004,2,4,,2,70,,2005,2,4,,2,30,,2006,2,4,,2,70,,2007,2,4,,2,30,,2008,2,4,,2
1000400019,'VNJA',13,,2097,2,4,,2,709,,2098,2,4,,2,30,,2099,2,4,,2,70,,2110,2,4,,2,30,,2113,2,4,,2,70,,2114,2,4,,2,30,,2115,2,4,,2,70,,2116,2,4,,2,30,,2117,2,4,,2,70,,2118,2,4,,2,30,,2119,2,4,,2,70,,2100,2,4,,2,30,,2101,2,4,,2,70,,2102,2,4,,2,30,,2103,2,4,,2,70,,2104,2,4,,2,30,,2105,2,4,,2,70,,2106,2,4,,2,30,,2107,2,4,,2,70,,2108,2,4,,2,30,,2109,2,4,,2,70,,2111,2,4,,2,30,,2112,2,4,,2
1000400019,'dim',13,,2185,2,4,,2,909,,2186,2,4,,2,30,,2187,2,4,,2,70,,2196,2,4,,2,30,,2197,2,4,,2,70,,2198,2,4,,2,30,,2199,2,4,,2,70,,2200,2,4,,2,30,,2201,2,4,,2,70,,2202,2,4,,2,30,,2203,2,4,,2,70,,2188,2,4,,2,30,,2189,2,4,,2,70,,2190,2,4,,2,30,,2191,2,4,,2,70,,2192,2,4,,2,30,,2193,2,4,,2,70,,2194,2,4,,2,30,,2195,2,4,,2
1000400019,'lun-ven',13,,2275,2,4,,2,709,,2276,2,4,,2,30,,2277,2,4,,2,70,,2288,2,4,,2,30,,2299,2,4,,2,70,,2302,2,4,,2,30,,2303,2,4,,2,70,,2304,2,4,,2,30,,2305,2,4,,2,70,,2306,2,4,,2,30,,2307,2,4,,2,70,,2278,2,4,,2,30,,2279,2,4,,2,70,,2280,2,4,,2,30,,2281,2,4,,2,70,,2282,2,4,,2,30,,2283,2,4,,2,70,,2284,2,4,,2,30,,2285,2,4,,2,70,,2286,2,4,,2,30,,2287,2,4,,2,70,,2289,2,4,,2,30,,2290,2,4,,2,70,,2291,2,4,,2,30,,2292,2,4,,2,70,,2293,2,4,,2,30,,2294,2,4,,2,70,,2295,2,4,,2,30,,2296,2,4,,2,70,,2297,2,4,,2,30,,2298,2,4,,2,70,,2300,2,4,,2,30,,2301,2,4,,2
1000400019,'sam',13,,2395,2,4,,2,809,,2396,2,4,,2,30,,2397,2,4,,2,70,,2408,2,4,,2,30,,2409,2,4,,2,70,,2410,2,4,,2,30,,2411,2,4,,2,70,,2412,2,4,,2,30,,2413,2,4,,2,70,,2414,2,4,,2,30,,2415,2,4,,2,70,,2398,2,4,,2,30,,2399,2,4,,2,70,,2400,2,4,,2,30,,2401,2,4,,2,70,,2402,2,4,,2,30,,2403,2,4,,2,70,,2404,2,4,,2,30,,2405,2,4,,2,70,,2406,2,4,,2,30,,2407,2,4,,2
1000410019,'LN',0,,2588,1,,,2,853,,2589,1,,,2,70,,2590,1,,,2,30,,2601,1,,,2,70,,2611,1,,,2,30,,2612,1,,,2,70,,2613,1,,,2,30,,2614,1,,,2,70,,2615,1,,,2,30,,2616,1,,,2,70,,2617,1,,,2,30,,2591,1,,,2,70,,2592,1,,,2,30,,2593,1,,,2,70,,2594,1,,,2,30,,2595,1,,,2,70,,2596,1,,,2,30,,2597,1,,,2,70,,2598,1,,,2,30,,2599,1,,,2,70,,2600,1,,,2,30,,2602,1,,,2,70,,2603,1,,,2,30,,2604,1,,,2,70,,2605,1,,,2,30,,2606,1,,,2,70,,2607,1,,,2,30,,2608,1,,,2,70,,2609,1,,,2,30,,2610,1,,,2
1000410019,'VNJA',0,,2618,1,,,2,653,,2619,1,,,2,70,,2620,1,,,2,30,,2631,1,,,2,70,,2635,1,,,2,30,,2636,1,,,2,70,,2637,1,,,2,30,,2638,1,,,2,70,,2639,1,,,2,30,,2640,1,,,2,70,,2641,1,,,2,30,,2621,1,,,2,70,,2622,1,,,2,30,,2623,1,,,2,70,,2624,1,,,2,30,,2625,1,,,2,70,,2626,1,,,2,30,,2627,1,,,2,70,,2628,1,,,2,30,,2629,1,,,2,70,,2630,1,,,2,30,,2632,1,,,2,70,,2633,1,,,2,30,,2634,1,,,2
1000410019,'dim',0,,2642,1,,,2,853,,2643,1,,,2,70,,2644,1,,,2,30,,2654,1,,,2,70,,2655,1,,,2,30,,2656,1,,,2,70,,2657,1,,,2,30,,2658,1,,,2,70,,2659,1,,,2,30,,2660,1,,,2,70,,2661,1,,,2,30,,2645,1,,,2,70,,2646,1,,,2,30,,2647,1,,,2,70,,2648,1,,,2,30,,2649,1,,,2,70,,2650,1,,,2,30,,2651,1,,,2,70,,2652,1,,,2,30,,2653,1,,,2
1000410019,'lun-ven',0,,2662,1,,,2,653,,2663,1,,,2,70,,2664,1,,,2,30,,2675,1,,,2,70,,2686,1,,,2,30,,2690,1,,,2,70,,2691,1,,,2,30,,2692,1,,,2,70,,2693,1,,,2,30,,2694,1,,,2,70,,2695,1,,,2,30,,2665,1,,,2,70,,2666,1,,,2,30,,2667,1,,,2,70,,2668,1,,,2,30,,2669,1,,,2,70,,2670,1,,,2,30,,2671,1,,,2,70,,2672,1,,,2,30,,2673,1,,,2,70,,2674,1,,,2,30,,2676,1,,,2,70,,2677,1,,,2,30,,2678,1,,,2,70,,2679,1,,,2,30,,2680,1,,,2,70,,2681,1,,,2,30,,2682,1,,,2,70,,2683,1,,,2,30,,2684,1,,,2,70,,2685,1,,,2,30,,2687,1,,,2,70,,2688,1,,,2,30,,2689,1,,,2
1000410019,'sam',0,,2696,1,,,2,753,,2697,1,,,2,70,,2698,1,,,2,30,,2709,1,,,2,70,,2711,1,,,2,30,,2712,1,,,2,70,,2713,1,,,2,30,,2714,1,,,2,70,,2715,1,,,2,30,,2716,1,,,2,70,,2717,1,,,2,30,,2699,1,,,2,70,,2700,1,,,2,30,,2701,1,,,2,70,,2702,1,,,2,30,,2703,1,,,2,70,,2704,1,,,2,30,,2705,1,,,2,70,,2706,1,,,2,30,,2707,1,,,2,70,,2708,1,,,2,30,,2710,1,,,2
