10000500019,'LN',7,,6525,2,4,,2,908,,6526,2,4,,2,30,,6527,2,4,,2,70,,6538,2,4,,2,30,,6547,2,4,,2,70,,6548,2,4,,2,30,,6549,2,4,,2,70,,6550,2,4,,2,30,,6551,2,4,,2,70,,6552,2,4,,2,30,,6553,2,4,,2,70,,6528,2,4,,2,30,,6529,2,4,,2,70,,6530,2,4,,2,30,,6531,2,4,,2,70,,6532,2,4,,2,30,,6533,2,4,,2,70,,6534,2,4,,2,30,,6535,2,4,,2,70,,6536,2,4,,2,30,,6537,2,4,,2,70,,6539,2,4,,2,30,,6540,2,4,,2,70,,6541,2,4,,2,30,,6542,2,4,,2,70,,6543,2,4,,2,30,,6544,2,4,,2,70,,6545,2,4,,2,30,,6546,2,4,,2
10000500019,'VNJA',7,,6796,2,4,,2,708,,6797,2,4,,2,30,,6798,2,4,,2,70,,6809,2,4,,2,30,,6812,2,4,,2,70,,6813,2,4,,2,30,,6814,2,4,,2,70,,6815,2,4,,2,30,,6816,2,4,,2,70,,6817,2,4,,2,30,,6818,2,4,,2,70,,6799,2,4,,2,30,,6800,2,4,,2,70,,6801,2,4,,2,30,,6802,2,4,,2,70,,6803,2,4,,2,30,,6804,2,4,,2,70,,6805,2,4,,2,30,,6806,2,4,,2,70,,6807,2,4,,2,30,,6808,2,4,,2,70,,6810,2,4,,2,30,,6811,2,4,,2
10000500019,'dim',7,,7017,2,4,,2,908,,7018,2,4,,2,30,,7019,2,4,,2,70,,7028,2,4,,2,30,,7029,2,4,,2,70,,7030,2,4,,2,30,,7031,2,4,,2,70,,7032,2,4,,2,30,,7033,2,4,,2,70,,7034,2,4,,2,30,,7035,2,4,,2,70,,7020,2,4,,2,30,,7021,2,4,,2,70,,7022,2,4,,2,30,,7023,2,4,,2,70,,7024,2,4,,2,30,,7025,2,4,,2,70,,7026,2,4,,2,30,,7027,2,4,,2
10000500019,'lun-ven',7,,7338,2,4,,2,708,,7339,2,4,,2,30,,7340,2,4,,2,70,,7351,2,4,,2,30,,7362,2,4,,2,70,,7365,2,4,,2,30,,7366,2,4,,2,70,,7367,2,4,,2,30,,7368,2,4,,2,70,,7369,2,4,,2,30,,7370,2,4,,2,70,,7341,2,4,,2,30,,7342,2,4,,2,70,,7343,2,4,,2,30,,7344,2,4,,2,70,,7345,2,4,,2,30,,7346,2,4,,2,70,,7347,2,4,,2,30,,7348,2,4,,2,70,,7349,2,4,,2,30,,7350,2,4,,2,70,,7352,2,4,,2,30,,7353,2,4,,2,70,,7354,2,4,,2,30,,7355,2,4,,2,70,,7356,2,4,,2,30,,7357,2,4,,2,70,,7358,2,4,,2,30,,7359,2,4,,2,70,,7360,2,4,,2,30,,7361,2,4,,2,70,,7363,2,4,,2,30,,7364,2,4,,2
10000500019,'sam',7,,7605,2,4,,2,808,,7606,2,4,,2,30,,7607,2,4,,2,70,,7618,2,4,,2,30,,7619,2,4,,2,70,,7620,2,4,,2,30,,7621,2,4,,2,70,,7622,2,4,,2,30,,7623,2,4,,2,70,,7624,2,4,,2,30,,7625,2,4,,2,70,,7608,2,4,,2,30,,7609,2,4,,2,70,,7610,2,4,,2,30,,7611,2,4,,2,70,,7612,2,4,,2,30,,7613,2,4,,2,70,,7614,2,4,,2,30,,7615,2,4,,2,70,,7616,2,4,,2,30,,7617,2,4,,2
10000545019,'LN',0,,8692,1,,,2,928,,8693,1,,,2,30,,8694,1,,,2,70,,8705,1,,,2,30,,8714,1,,,2,70,,8715,1,,,2,30,,8716,1,,,2,70,,8717,1,,,2,30,,8718,1,,,2,70,,8719,1,,,2,30,,8720,1,,,2,70,,8695,1,,,2,30,,8696,1,,,2,70,,8697,1,,,2,30,,8698,1,,,2,70,,8699,1,,,2,30,,8700,1,,,2,70,,8701,1,,,2,30,,8702,1,,,2,70,,8703,1,,,2,30,,8704,1,,,2,70,,8706,1,,,2,30,,8707,1,,,2,70,,8708,1,,,2,30,,8709,1,,,2,70,,8710,1,,,2,30,,8711,1,,,2,70,,8712,1,,,2,30,,8713,1,,,2
10000545019,'VNJA',0,,8721,1,,,2,658,,8722,1,,,2,70,,8723,1,,,2,30,,8734,1,,,2,70,,8738,1,,,2,30,,8739,1,,,2,70,,8740,1,,,2,30,,8741,1,,,2,70,,8742,1,,,2,30,,8743,1,,,2,70,,8744,1,,,2,30,,8724,1,,,2,70,,8725,1,,,2,30,,8726,1,,,2,70,,8727,1,,,2,30,,8728,1,,,2,70,,8729,1,,,2,30,,8730,1,,,2,70,,8731,1,,,2,30,,8732,1,,,2,70,,8733,1,,,2,30,,8735,1,,,2,70,,8736,1,,,2,30,,8737,1,,,2
10000545019,'dim',0,,8745,1,,,2,928,,8746,1,,,2,30,,8747,1,,,2,70,,8756,1,,,2,30,,8757,1,,,2,70,,8758,1,,,2,30,,8759,1,,,2,70,,8760,1,,,2,30,,8761,1,,,2,70,,8762,1,,,2,30,,8763,1,,,2,70,,8748,1,,,2,30,,8749,1,,,2,70,,8750,1,,,2,30,,8751,1,,,2,70,,8752,1,,,2,30,,8753,1,,,2,70,,8754,1,,,2,30,,8755,1,,,2
10000545019,'lun-ven',0,,8764,1,,,2,658,,8765,1,,,2,70,,8766,1,,,2,30,,8777,1,,,2,70,,8788,1,,,2,30,,8792,1,,,2,70,,8793,1,,,2,30,,8794,1,,,2,70,,8795,1,,,2,30,,8796,1,,,2,70,,8797,1,,,2,30,,8767,1,,,2,70,,8768,1,,,2,30,,8769,1,,,2,70,,8770,1,,,2,30,,8771,1,,,2,70,,8772,1,,,2,30,,8773,1,,,2,70,,8774,1,,,2,30,,8775,1,,,2,70,,8776,1,,,2,30,,8778,1,,,2,70,,8779,1,,,2,30,,8780,1,,,2,70,,8781,1,,,2,30,,8782,1,,,2,70,,8783,1,,,2,30,,8784,1,,,2,70,,8785,1,,,2,30,,8786,1,,,2,70,,8787,1,,,2,30,,8789,1,,,2,70,,8790,1,,,2,30,,8791,1,,,2
10000545019,'sam',0,,8798,1,,,2,758,,8799,1,,,2,70,,8800,1,,,2,30,,8811,1,,,2,70,,8813,1,,,2,30,,8814,1,,,2,70,,8815,1,,,2,30,,8816,1,,,2,70,,8817,1,,,2,30,,8818,1,,,2,70,,8819,1,,,2,30,,8801,1,,,2,70,,8802,1,,,2,30,,8803,1,,,2,70,,8804,1,,,2,30,,8805,1,,,2,70,,8806,1,,,2,30,,8807,1,,,2,70,,8808,1,,,2,30,,8809,1,,,2,70,,8810,1,,,2,30,,8812,1,,,2
