10000500019,'LN',14,,6351,2,4,,2,908,,6352,2,4,,2,30,,6353,2,4,,2,70,,6364,2,4,,2,30,,6373,2,4,,2,70,,6374,2,4,,2,30,,6375,2,4,,2,70,,6376,2,4,,2,30,,6377,2,4,,2,70,,6378,2,4,,2,30,,6379,2,4,,2,70,,6354,2,4,,2,30,,6355,2,4,,2,70,,6356,2,4,,2,30,,6357,2,4,,2,70,,6358,2,4,,2,30,,6359,2,4,,2,70,,6360,2,4,,2,30,,6361,2,4,,2,70,,6362,2,4,,2,30,,6363,2,4,,2,70,,6365,2,4,,2,30,,6366,2,4,,2,70,,6367,2,4,,2,30,,6368,2,4,,2,70,,6369,2,4,,2,30,,6370,2,4,,2,70,,6371,2,4,,2,30,,6372,2,4,,2
10000500019,'VNJA',14,,6658,2,4,,2,708,,6659,2,4,,2,30,,6660,2,4,,2,70,,6671,2,4,,2,30,,6674,2,4,,2,70,,6675,2,4,,2,30,,6676,2,4,,2,70,,6677,2,4,,2,30,,6678,2,4,,2,70,,6679,2,4,,2,30,,6680,2,4,,2,70,,6661,2,4,,2,30,,6662,2,4,,2,70,,6663,2,4,,2,30,,6664,2,4,,2,70,,6665,2,4,,2,30,,6666,2,4,,2,70,,6667,2,4,,2,30,,6668,2,4,,2,70,,6669,2,4,,2,30,,6670,2,4,,2,70,,6672,2,4,,2,30,,6673,2,4,,2
10000500019,'dim',14,,6903,2,4,,2,908,,6904,2,4,,2,30,,6905,2,4,,2,70,,6914,2,4,,2,30,,6915,2,4,,2,70,,6916,2,4,,2,30,,6917,2,4,,2,70,,6918,2,4,,2,30,,6919,2,4,,2,70,,6920,2,4,,2,30,,6921,2,4,,2,70,,6906,2,4,,2,30,,6907,2,4,,2,70,,6908,2,4,,2,30,,6909,2,4,,2,70,,6910,2,4,,2,30,,6911,2,4,,2,70,,6912,2,4,,2,30,,6913,2,4,,2
10000500019,'lun-ven',14,,7140,2,4,,2,708,,7141,2,4,,2,30,,7142,2,4,,2,70,,7153,2,4,,2,30,,7164,2,4,,2,70,,7167,2,4,,2,30,,7168,2,4,,2,70,,7169,2,4,,2,30,,7170,2,4,,2,70,,7171,2,4,,2,30,,7172,2,4,,2,70,,7143,2,4,,2,30,,7144,2,4,,2,70,,7145,2,4,,2,30,,7146,2,4,,2,70,,7147,2,4,,2,30,,7148,2,4,,2,70,,7149,2,4,,2,30,,7150,2,4,,2,70,,7151,2,4,,2,30,,7152,2,4,,2,70,,7154,2,4,,2,30,,7155,2,4,,2,70,,7156,2,4,,2,30,,7157,2,4,,2,70,,7158,2,4,,2,30,,7159,2,4,,2,70,,7160,2,4,,2,30,,7161,2,4,,2,70,,7162,2,4,,2,30,,7163,2,4,,2,70,,7165,2,4,,2,30,,7166,2,4,,2
10000500019,'sam',14,,7479,2,4,,2,808,,7480,2,4,,2,30,,7481,2,4,,2,70,,7492,2,4,,2,30,,7493,2,4,,2,70,,7494,2,4,,2,30,,7495,2,4,,2,70,,7496,2,4,,2,30,,7497,2,4,,2,70,,7498,2,4,,2,30,,7499,2,4,,2,70,,7482,2,4,,2,30,,7483,2,4,,2,70,,7484,2,4,,2,30,,7485,2,4,,2,70,,7486,2,4,,2,30,,7487,2,4,,2,70,,7488,2,4,,2,30,,7489,2,4,,2,70,,7490,2,4,,2,30,,7491,2,4,,2
10000515019,'LN',0,,7924,1,,,2,921,,7925,1,,,2,30,,7926,1,,,2,70,,7937,1,,,2,30,,7946,1,,,2,70,,7947,1,,,2,30,,7948,1,,,2,70,,7949,1,,,2,30,,7950,1,,,2,70,,7951,1,,,2,30,,7952,1,,,2,70,,7927,1,,,2,30,,7928,1,,,2,70,,7929,1,,,2,30,,7930,1,,,2,70,,7931,1,,,2,30,,7932,1,,,2,70,,7933,1,,,2,30,,7934,1,,,2,70,,7935,1,,,2,30,,7936,1,,,2,70,,7938,1,,,2,30,,7939,1,,,2,70,,7940,1,,,2,30,,7941,1,,,2,70,,7942,1,,,2,30,,7943,1,,,2,70,,7944,1,,,2,30,,7945,1,,,2
10000515019,'VNJA',0,,7953,1,,,2,651,,7954,1,,,2,70,,7955,1,,,2,30,,7966,1,,,2,70,,7970,1,,,2,30,,7971,1,,,2,70,,7972,1,,,2,30,,7973,1,,,2,70,,7974,1,,,2,30,,7975,1,,,2,70,,7976,1,,,2,30,,7956,1,,,2,70,,7957,1,,,2,30,,7958,1,,,2,70,,7959,1,,,2,30,,7960,1,,,2,70,,7961,1,,,2,30,,7962,1,,,2,70,,7963,1,,,2,30,,7964,1,,,2,70,,7965,1,,,2,30,,7967,1,,,2,70,,7968,1,,,2,30,,7969,1,,,2
10000515019,'dim',0,,7977,1,,,2,921,,7978,1,,,2,30,,7979,1,,,2,70,,7988,1,,,2,30,,7989,1,,,2,70,,7990,1,,,2,30,,7991,1,,,2,70,,7992,1,,,2,30,,7993,1,,,2,70,,7994,1,,,2,30,,7995,1,,,2,70,,7980,1,,,2,30,,7981,1,,,2,70,,7982,1,,,2,30,,7983,1,,,2,70,,7984,1,,,2,30,,7985,1,,,2,70,,7986,1,,,2,30,,7987,1,,,2
10000515019,'lun-ven',0,,7996,1,,,2,651,,7997,1,,,2,70,,7998,1,,,2,30,,8009,1,,,2,70,,8020,1,,,2,30,,8024,1,,,2,70,,8025,1,,,2,30,,8026,1,,,2,70,,8027,1,,,2,30,,8028,1,,,2,70,,8029,1,,,2,30,,7999,1,,,2,70,,8000,1,,,2,30,,8001,1,,,2,70,,8002,1,,,2,30,,8003,1,,,2,70,,8004,1,,,2,30,,8005,1,,,2,70,,8006,1,,,2,30,,8007,1,,,2,70,,8008,1,,,2,30,,8010,1,,,2,70,,8011,1,,,2,30,,8012,1,,,2,70,,8013,1,,,2,30,,8014,1,,,2,70,,8015,1,,,2,30,,8016,1,,,2,70,,8017,1,,,2,30,,8018,1,,,2,70,,8019,1,,,2,30,,8021,1,,,2,70,,8022,1,,,2,30,,8023,1,,,2
10000515019,'sam',0,,8030,1,,,2,751,,8031,1,,,2,70,,8032,1,,,2,30,,8043,1,,,2,70,,8045,1,,,2,30,,8046,1,,,2,70,,8047,1,,,2,30,,8048,1,,,2,70,,8049,1,,,2,30,,8050,1,,,2,70,,8051,1,,,2,30,,8033,1,,,2,70,,8034,1,,,2,30,,8035,1,,,2,70,,8036,1,,,2,30,,8037,1,,,2,70,,8038,1,,,2,30,,8039,1,,,2,70,,8040,1,,,2,30,,8041,1,,,2,70,,8042,1,,,2,30,,8044,1,,,2
