14000800019,'LN',4,,10145,2,4,,2,913,,10146,2,4,,2,30,,10147,2,4,,2,70,,10158,2,4,,2,30,,10167,2,4,,2,70,,10168,2,4,,2,30,,10169,2,4,,2,70,,10170,2,4,,2,30,,10171,2,4,,2,70,,10172,2,4,,2,30,,10173,2,4,,2,70,,10148,2,4,,2,30,,10149,2,4,,2,70,,10150,2,4,,2,30,,10151,2,4,,2,70,,10152,2,4,,2,30,,10153,2,4,,2,70,,10154,2,4,,2,30,,10155,2,4,,2,70,,10156,2,4,,2,30,,10157,2,4,,2,70,,10159,2,4,,2,30,,10160,2,4,,2,70,,10161,2,4,,2,30,,10162,2,4,,2,70,,10163,2,4,,2,30,,10164,2,4,,2,70,,10165,2,4,,2,30,,10166,2,4,,2
14000800019,'VNJA',4,,10485,2,4,,2,713,,10486,2,4,,2,30,,10487,2,4,,2,70,,10498,2,4,,2,30,,10501,2,4,,2,70,,10502,2,4,,2,30,,10503,2,4,,2,70,,10504,2,4,,2,30,,10505,2,4,,2,70,,10506,2,4,,2,30,,10507,2,4,,2,70,,10488,2,4,,2,30,,10489,2,4,,2,70,,10490,2,4,,2,30,,10491,2,4,,2,70,,10492,2,4,,2,30,,10493,2,4,,2,70,,10494,2,4,,2,30,,10495,2,4,,2,70,,10496,2,4,,2,30,,10497,2,4,,2,70,,10499,2,4,,2,30,,10500,2,4,,2
14000800019,'dim',4,,10763,2,4,,2,913,,10764,2,4,,2,30,,10765,2,4,,2,70,,10774,2,4,,2,30,,10775,2,4,,2,70,,10776,2,4,,2,30,,10777,2,4,,2,70,,10778,2,4,,2,30,,10779,2,4,,2,70,,10780,2,4,,2,30,,10781,2,4,,2,70,,10766,2,4,,2,30,,10767,2,4,,2,70,,10768,2,4,,2,30,,10769,2,4,,2,70,,10770,2,4,,2,30,,10771,2,4,,2,70,,10772,2,4,,2,30,,10773,2,4,,2
14000800019,'lun-ven',4,,11183,2,4,,2,713,,11184,2,4,,2,30,,11185,2,4,,2,70,,11196,2,4,,2,30,,11207,2,4,,2,70,,11210,2,4,,2,30,,11211,2,4,,2,70,,11212,2,4,,2,30,,11213,2,4,,2,70,,11214,2,4,,2,30,,11215,2,4,,2,70,,11186,2,4,,2,30,,11187,2,4,,2,70,,11188,2,4,,2,30,,11189,2,4,,2,70,,11190,2,4,,2,30,,11191,2,4,,2,70,,11192,2,4,,2,30,,11193,2,4,,2,70,,11194,2,4,,2,30,,11195,2,4,,2,70,,11197,2,4,,2,30,,11198,2,4,,2,70,,11199,2,4,,2,30,,11200,2,4,,2,70,,11201,2,4,,2,30,,11202,2,4,,2,70,,11203,2,4,,2,30,,11204,2,4,,2,70,,11205,2,4,,2,30,,11206,2,4,,2,70,,11208,2,4,,2,30,,11209,2,4,,2
14000800019,'sam',4,,11513,2,4,,2,813,,11514,2,4,,2,30,,11515,2,4,,2,70,,11526,2,4,,2,30,,11527,2,4,,2,70,,11528,2,4,,2,30,,11529,2,4,,2,70,,11530,2,4,,2,30,,11531,2,4,,2,70,,11532,2,4,,2,30,,11533,2,4,,2,70,,11516,2,4,,2,30,,11517,2,4,,2,70,,11518,2,4,,2,30,,11519,2,4,,2,70,,11520,2,4,,2,30,,11521,2,4,,2,70,,11522,2,4,,2,30,,11523,2,4,,2,70,,11524,2,4,,2,30,,11525,2,4,,2
14000890019,'LN',0,,13001,1,,,2,906,,13002,1,,,2,30,,13003,1,,,2,70,,13014,1,,,2,30,,13023,1,,,2,70,,13024,1,,,2,30,,13025,1,,,2,70,,13026,1,,,2,30,,13027,1,,,2,70,,13028,1,,,2,30,,13029,1,,,2,70,,13004,1,,,2,30,,13005,1,,,2,70,,13006,1,,,2,30,,13007,1,,,2,70,,13008,1,,,2,30,,13009,1,,,2,70,,13010,1,,,2,30,,13011,1,,,2,70,,13012,1,,,2,30,,13013,1,,,2,70,,13015,1,,,2,30,,13016,1,,,2,70,,13017,1,,,2,30,,13018,1,,,2,70,,13019,1,,,2,30,,13020,1,,,2,70,,13021,1,,,2,30,,13022,1,,,2
14000890019,'VNJA',0,,13030,1,,,2,706,,13031,1,,,2,30,,13032,1,,,2,70,,13043,1,,,2,30,,13046,1,,,2,70,,13047,1,,,2,30,,13048,1,,,2,70,,13049,1,,,2,30,,13050,1,,,2,70,,13051,1,,,2,30,,13052,1,,,2,70,,13033,1,,,2,30,,13034,1,,,2,70,,13035,1,,,2,30,,13036,1,,,2,70,,13037,1,,,2,30,,13038,1,,,2,70,,13039,1,,,2,30,,13040,1,,,2,70,,13041,1,,,2,30,,13042,1,,,2,70,,13044,1,,,2,30,,13045,1,,,2
14000890019,'dim',0,,13053,1,,,2,906,,13054,1,,,2,30,,13055,1,,,2,70,,13064,1,,,2,30,,13065,1,,,2,70,,13066,1,,,2,30,,13067,1,,,2,70,,13068,1,,,2,30,,13069,1,,,2,70,,13070,1,,,2,30,,13071,1,,,2,70,,13056,1,,,2,30,,13057,1,,,2,70,,13058,1,,,2,30,,13059,1,,,2,70,,13060,1,,,2,30,,13061,1,,,2,70,,13062,1,,,2,30,,13063,1,,,2
14000890019,'lun-ven',0,,13072,1,,,2,706,,13073,1,,,2,30,,13074,1,,,2,70,,13085,1,,,2,30,,13096,1,,,2,70,,13099,1,,,2,30,,13100,1,,,2,70,,13101,1,,,2,30,,13102,1,,,2,70,,13103,1,,,2,30,,13104,1,,,2,70,,13075,1,,,2,30,,13076,1,,,2,70,,13077,1,,,2,30,,13078,1,,,2,70,,13079,1,,,2,30,,13080,1,,,2,70,,13081,1,,,2,30,,13082,1,,,2,70,,13083,1,,,2,30,,13084,1,,,2,70,,13086,1,,,2,30,,13087,1,,,2,70,,13088,1,,,2,30,,13089,1,,,2,70,,13090,1,,,2,30,,13091,1,,,2,70,,13092,1,,,2,30,,13093,1,,,2,70,,13094,1,,,2,30,,13095,1,,,2,70,,13097,1,,,2,30,,13098,1,,,2
14000890019,'sam',0,,13105,1,,,2,806,,13106,1,,,2,30,,13107,1,,,2,70,,13118,1,,,2,30,,13119,1,,,2,70,,13120,1,,,2,30,,13121,1,,,2,70,,13122,1,,,2,30,,13123,1,,,2,70,,13124,1,,,2,30,,13125,1,,,2,70,,13108,1,,,2,30,,13109,1,,,2,70,,13110,1,,,2,30,,13111,1,,,2,70,,13112,1,,,2,30,,13113,1,,,2,70,,13114,1,,,2,30,,13115,1,,,2,70,,13116,1,,,2,30,,13117,1,,,2
