3000700019,'LN',8,,3007,2,4,,2,909,,3008,2,4,,2,30,,3009,2,4,,2,70,,3020,2,4,,2,30,,3029,2,4,,2,70,,3030,2,4,,2,30,,3031,2,4,,2,70,,3032,2,4,,2,30,,3033,2,4,,2,70,,3034,2,4,,2,30,,3035,2,4,,2,70,,3010,2,4,,2,30,,3011,2,4,,2,70,,3012,2,4,,2,30,,3013,2,4,,2,70,,3014,2,4,,2,30,,3015,2,4,,2,70,,3016,2,4,,2,30,,3017,2,4,,2,70,,3018,2,4,,2,30,,3019,2,4,,2,70,,3021,2,4,,2,30,,3022,2,4,,2,70,,3023,2,4,,2,30,,3024,2,4,,2,70,,3025,2,4,,2,30,,3026,2,4,,2,70,,3027,2,4,,2,30,,3028,2,4,,2
3000700019,'VNJA',8,,3088,2,4,,2,709,,3089,2,4,,2,30,,3090,2,4,,2,70,,3101,2,4,,2,30,,3104,2,4,,2,70,,3105,2,4,,2,30,,3106,2,4,,2,70,,3107,2,4,,2,30,,3108,2,4,,2,70,,3109,2,4,,2,30,,3110,2,4,,2,70,,3091,2,4,,2,30,,3092,2,4,,2,70,,3093,2,4,,2,30,,3094,2,4,,2,70,,3095,2,4,,2,30,,3096,2,4,,2,70,,3097,2,4,,2,30,,3098,2,4,,2,70,,3099,2,4,,2,30,,3100,2,4,,2,70,,3102,2,4,,2,30,,3103,2,4,,2
3000700019,'dim',8,,3153,2,4,,2,909,,3154,2,4,,2,30,,3155,2,4,,2,70,,3164,2,4,,2,30,,3165,2,4,,2,70,,3166,2,4,,2,30,,3167,2,4,,2,70,,3168,2,4,,2,30,,3169,2,4,,2,70,,3170,2,4,,2,30,,3171,2,4,,2,70,,3156,2,4,,2,30,,3157,2,4,,2,70,,3158,2,4,,2,30,,3159,2,4,,2,70,,3160,2,4,,2,30,,3161,2,4,,2,70,,3162,2,4,,2,30,,3163,2,4,,2
3000700019,'lun-ven',8,,3224,2,4,,2,709,,3225,2,4,,2,30,,3226,2,4,,2,70,,3237,2,4,,2,30,,3248,2,4,,2,70,,3251,2,4,,2,30,,3252,2,4,,2,70,,3253,2,4,,2,30,,3254,2,4,,2,70,,3255,2,4,,2,30,,3256,2,4,,2,70,,3227,2,4,,2,30,,3228,2,4,,2,70,,3229,2,4,,2,30,,3230,2,4,,2,70,,3231,2,4,,2,30,,3232,2,4,,2,70,,3233,2,4,,2,30,,3234,2,4,,2,70,,3235,2,4,,2,30,,3236,2,4,,2,70,,3238,2,4,,2,30,,3239,2,4,,2,70,,3240,2,4,,2,30,,3241,2,4,,2,70,,3242,2,4,,2,30,,3243,2,4,,2,70,,3244,2,4,,2,30,,3245,2,4,,2,70,,3246,2,4,,2,30,,3247,2,4,,2,70,,3249,2,4,,2,30,,3250,2,4,,2
3000700019,'sam',8,,3311,2,4,,2,809,,3312,2,4,,2,30,,3313,2,4,,2,70,,3324,2,4,,2,30,,3325,2,4,,2,70,,3326,2,4,,2,30,,3327,2,4,,2,70,,3328,2,4,,2,30,,3329,2,4,,2,70,,3330,2,4,,2,30,,3331,2,4,,2,70,,3314,2,4,,2,30,,3315,2,4,,2,70,,3316,2,4,,2,30,,3317,2,4,,2,70,,3318,2,4,,2,30,,3319,2,4,,2,70,,3320,2,4,,2,30,,3321,2,4,,2,70,,3322,2,4,,2,30,,3323,2,4,,2
3000730019,'LN',0,,3483,1,,,2,858,,3484,1,,,2,70,,3485,1,,,2,30,,3496,1,,,2,70,,3506,1,,,2,30,,3507,1,,,2,70,,3508,1,,,2,30,,3509,1,,,2,70,,3510,1,,,2,30,,3511,1,,,2,70,,3512,1,,,2,30,,3486,1,,,2,70,,3487,1,,,2,30,,3488,1,,,2,70,,3489,1,,,2,30,,3490,1,,,2,70,,3491,1,,,2,30,,3492,1,,,2,70,,3493,1,,,2,30,,3494,1,,,2,70,,3495,1,,,2,30,,3497,1,,,2,70,,3498,1,,,2,30,,3499,1,,,2,70,,3500,1,,,2,30,,3501,1,,,2,70,,3502,1,,,2,30,,3503,1,,,2,70,,3504,1,,,2,30,,3505,1,,,2
3000730019,'VNJA',0,,3513,1,,,2,658,,3514,1,,,2,70,,3515,1,,,2,30,,3526,1,,,2,70,,3530,1,,,2,30,,3531,1,,,2,70,,3532,1,,,2,30,,3533,1,,,2,70,,3534,1,,,2,30,,3535,1,,,2,70,,3536,1,,,2,30,,3516,1,,,2,70,,3517,1,,,2,30,,3518,1,,,2,70,,3519,1,,,2,30,,3520,1,,,2,70,,3521,1,,,2,30,,3522,1,,,2,70,,3523,1,,,2,30,,3524,1,,,2,70,,3525,1,,,2,30,,3527,1,,,2,70,,3528,1,,,2,30,,3529,1,,,2
3000730019,'dim',0,,3537,1,,,2,858,,3538,1,,,2,70,,3539,1,,,2,30,,3549,1,,,2,70,,3550,1,,,2,30,,3551,1,,,2,70,,3552,1,,,2,30,,3553,1,,,2,70,,3554,1,,,2,30,,3555,1,,,2,70,,3556,1,,,2,30,,3540,1,,,2,70,,3541,1,,,2,30,,3542,1,,,2,70,,3543,1,,,2,30,,3544,1,,,2,70,,3545,1,,,2,30,,3546,1,,,2,70,,3547,1,,,2,30,,3548,1,,,2
3000730019,'lun-ven',0,,3557,1,,,2,658,,3558,1,,,2,70,,3559,1,,,2,30,,3570,1,,,2,70,,3581,1,,,2,30,,3585,1,,,2,70,,3586,1,,,2,30,,3587,1,,,2,70,,3588,1,,,2,30,,3589,1,,,2,70,,3590,1,,,2,30,,3560,1,,,2,70,,3561,1,,,2,30,,3562,1,,,2,70,,3563,1,,,2,30,,3564,1,,,2,70,,3565,1,,,2,30,,3566,1,,,2,70,,3567,1,,,2,30,,3568,1,,,2,70,,3569,1,,,2,30,,3571,1,,,2,70,,3572,1,,,2,30,,3573,1,,,2,70,,3574,1,,,2,30,,3575,1,,,2,70,,3576,1,,,2,30,,3577,1,,,2,70,,3578,1,,,2,30,,3579,1,,,2,70,,3580,1,,,2,30,,3582,1,,,2,70,,3583,1,,,2,30,,3584,1,,,2
3000730019,'sam',0,,3591,1,,,2,758,,3592,1,,,2,70,,3593,1,,,2,30,,3604,1,,,2,70,,3606,1,,,2,30,,3607,1,,,2,70,,3608,1,,,2,30,,3609,1,,,2,70,,3610,1,,,2,30,,3611,1,,,2,70,,3612,1,,,2,30,,3594,1,,,2,70,,3595,1,,,2,30,,3596,1,,,2,70,,3597,1,,,2,30,,3598,1,,,2,70,,3599,1,,,2,30,,3600,1,,,2,70,,3601,1,,,2,30,,3602,1,,,2,70,,3603,1,,,2,30,,3605,1,,,2
