14000800019,'LN',15,,9913,2,4,,2,913,,9914,2,4,,2,30,,9915,2,4,,2,70,,9926,2,4,,2,30,,9935,2,4,,2,70,,9936,2,4,,2,30,,9937,2,4,,2,70,,9938,2,4,,2,30,,9939,2,4,,2,70,,9940,2,4,,2,30,,9941,2,4,,2,70,,9916,2,4,,2,30,,9917,2,4,,2,70,,9918,2,4,,2,30,,9919,2,4,,2,70,,9920,2,4,,2,30,,9921,2,4,,2,70,,9922,2,4,,2,30,,9923,2,4,,2,70,,9924,2,4,,2,30,,9925,2,4,,2,70,,9927,2,4,,2,30,,9928,2,4,,2,70,,9929,2,4,,2,30,,9930,2,4,,2,70,,9931,2,4,,2,30,,9932,2,4,,2,70,,9933,2,4,,2,30,,9934,2,4,,2
14000800019,'VNJA',15,,10301,2,4,,2,713,,10302,2,4,,2,30,,10303,2,4,,2,70,,10314,2,4,,2,30,,10317,2,4,,2,70,,10318,2,4,,2,30,,10319,2,4,,2,70,,10320,2,4,,2,30,,10321,2,4,,2,70,,10322,2,4,,2,30,,10323,2,4,,2,70,,10304,2,4,,2,30,,10305,2,4,,2,70,,10306,2,4,,2,30,,10307,2,4,,2,70,,10308,2,4,,2,30,,10309,2,4,,2,70,,10310,2,4,,2,30,,10311,2,4,,2,70,,10312,2,4,,2,30,,10313,2,4,,2,70,,10315,2,4,,2,30,,10316,2,4,,2
14000800019,'dim',15,,10611,2,4,,2,913,,10612,2,4,,2,30,,10613,2,4,,2,70,,10622,2,4,,2,30,,10623,2,4,,2,70,,10624,2,4,,2,30,,10625,2,4,,2,70,,10626,2,4,,2,30,,10627,2,4,,2,70,,10628,2,4,,2,30,,10629,2,4,,2,70,,10614,2,4,,2,30,,10615,2,4,,2,70,,10616,2,4,,2,30,,10617,2,4,,2,70,,10618,2,4,,2,30,,10619,2,4,,2,70,,10620,2,4,,2,30,,10621,2,4,,2
14000800019,'lun-ven',15,,10919,2,4,,2,713,,10920,2,4,,2,30,,10921,2,4,,2,70,,10932,2,4,,2,30,,10943,2,4,,2,70,,10946,2,4,,2,30,,10947,2,4,,2,70,,10948,2,4,,2,30,,10949,2,4,,2,70,,10950,2,4,,2,30,,10951,2,4,,2,70,,10922,2,4,,2,30,,10923,2,4,,2,70,,10924,2,4,,2,30,,10925,2,4,,2,70,,10926,2,4,,2,30,,10927,2,4,,2,70,,10928,2,4,,2,30,,10929,2,4,,2,70,,10930,2,4,,2,30,,10931,2,4,,2,70,,10933,2,4,,2,30,,10934,2,4,,2,70,,10935,2,4,,2,30,,10936,2,4,,2,70,,10937,2,4,,2,30,,10938,2,4,,2,70,,10939,2,4,,2,30,,10940,2,4,,2,70,,10941,2,4,,2,30,,10942,2,4,,2,70,,10944,2,4,,2,30,,10945,2,4,,2
14000800019,'sam',15,,11345,2,4,,2,813,,11346,2,4,,2,30,,11347,2,4,,2,70,,11358,2,4,,2,30,,11359,2,4,,2,70,,11360,2,4,,2,30,,11361,2,4,,2,70,,11362,2,4,,2,30,,11363,2,4,,2,70,,11364,2,4,,2,30,,11365,2,4,,2,70,,11348,2,4,,2,30,,11349,2,4,,2,70,,11350,2,4,,2,30,,11351,2,4,,2,70,,11352,2,4,,2,30,,11353,2,4,,2,70,,11354,2,4,,2,30,,11355,2,4,,2,70,,11356,2,4,,2,30,,11357,2,4,,2
14000830019,'LN',0,,11966,1,,,2,848,,11967,1,,,2,70,,11968,1,,,2,30,,11979,1,,,2,70,,11989,1,,,2,30,,11990,1,,,2,70,,11991,1,,,2,30,,11992,1,,,2,70,,11993,1,,,2,30,,11994,1,,,2,70,,11995,1,,,2,30,,11969,1,,,2,70,,11970,1,,,2,30,,11971,1,,,2,70,,11972,1,,,2,30,,11973,1,,,2,70,,11974,1,,,2,30,,11975,1,,,2,70,,11976,1,,,2,30,,11977,1,,,2,70,,11978,1,,,2,30,,11980,1,,,2,70,,11981,1,,,2,30,,11982,1,,,2,70,,11983,1,,,2,30,,11984,1,,,2,70,,11985,1,,,2,30,,11986,1,,,2,70,,11987,1,,,2,30,,11988,1,,,2
14000830019,'VNJA',0,,11996,1,,,2,648,,11997,1,,,2,70,,11998,1,,,2,30,,12009,1,,,2,70,,12013,1,,,2,30,,12014,1,,,2,70,,12015,1,,,2,30,,12016,1,,,2,70,,12017,1,,,2,30,,12018,1,,,2,70,,12019,1,,,2,30,,11999,1,,,2,70,,12000,1,,,2,30,,12001,1,,,2,70,,12002,1,,,2,30,,12003,1,,,2,70,,12004,1,,,2,30,,12005,1,,,2,70,,12006,1,,,2,30,,12007,1,,,2,70,,12008,1,,,2,30,,12010,1,,,2,70,,12011,1,,,2,30,,12012,1,,,2
14000830019,'dim',0,,12020,1,,,2,848,,12021,1,,,2,70,,12022,1,,,2,30,,12032,1,,,2,70,,12033,1,,,2,30,,12034,1,,,2,70,,12035,1,,,2,30,,12036,1,,,2,70,,12037,1,,,2,30,,12038,1,,,2,70,,12039,1,,,2,30,,12023,1,,,2,70,,12024,1,,,2,30,,12025,1,,,2,70,,12026,1,,,2,30,,12027,1,,,2,70,,12028,1,,,2,30,,12029,1,,,2,70,,12030,1,,,2,30,,12031,1,,,2
14000830019,'lun-ven',0,,12040,1,,,2,648,,12041,1,,,2,70,,12042,1,,,2,30,,12053,1,,,2,70,,12064,1,,,2,30,,12068,1,,,2,70,,12069,1,,,2,30,,12070,1,,,2,70,,12071,1,,,2,30,,12072,1,,,2,70,,12073,1,,,2,30,,12043,1,,,2,70,,12044,1,,,2,30,,12045,1,,,2,70,,12046,1,,,2,30,,12047,1,,,2,70,,12048,1,,,2,30,,12049,1,,,2,70,,12050,1,,,2,30,,12051,1,,,2,70,,12052,1,,,2,30,,12054,1,,,2,70,,12055,1,,,2,30,,12056,1,,,2,70,,12057,1,,,2,30,,12058,1,,,2,70,,12059,1,,,2,30,,12060,1,,,2,70,,12061,1,,,2,30,,12062,1,,,2,70,,12063,1,,,2,30,,12065,1,,,2,70,,12066,1,,,2,30,,12067,1,,,2
14000830019,'sam',0,,12074,1,,,2,748,,12075,1,,,2,70,,12076,1,,,2,30,,12087,1,,,2,70,,12089,1,,,2,30,,12090,1,,,2,70,,12091,1,,,2,30,,12092,1,,,2,70,,12093,1,,,2,30,,12094,1,,,2,70,,12095,1,,,2,30,,12077,1,,,2,70,,12078,1,,,2,30,,12079,1,,,2,70,,12080,1,,,2,30,,12081,1,,,2,70,,12082,1,,,2,30,,12083,1,,,2,70,,12084,1,,,2,30,,12085,1,,,2,70,,12086,1,,,2,30,,12088,1,,,2
