3019,'LN',2,,243,3,,,2,900,,244,3,,,2,30,,245,3,,,2,70,,256,3,,,2,30,,266,3,,,2,70,,267,3,,,2,30,,268,3,,,2,70,,269,3,,,2,30,,270,3,,,2,70,,271,3,,,2,30,,272,3,,,2,70,,246,3,,,2,30,,247,3,,,2,70,,248,3,,,2,30,,249,3,,,2,70,,250,3,,,2,30,,251,3,,,2,70,,252,3,,,2,30,,253,3,,,2,70,,254,3,,,2,30,,255,3,,,2,70,,257,3,,,2,30,,258,3,,,2,70,,259,3,,,2,30,,260,3,,,2,70,,261,3,,,2,30,,262,3,,,2,70,,263,3,,,2,30,,264,3,,,2,70,,265,3,,,2
3019,'VNJA',2,,273,3,,,2,700,,274,3,,,2,30,,275,3,,,2,70,,286,3,,,2,30,,290,3,,,2,70,,291,3,,,2,30,,292,3,,,2,70,,293,3,,,2,30,,294,3,,,2,70,,295,3,,,2,30,,296,3,,,2,70,,276,3,,,2,30,,277,3,,,2,70,,278,3,,,2,30,,279,3,,,2,70,,280,3,,,2,30,,281,3,,,2,70,,282,3,,,2,30,,283,3,,,2,70,,284,3,,,2,30,,285,3,,,2,70,,287,3,,,2,30,,288,3,,,2,70,,289,3,,,2
3019,'dim',2,,297,3,,,2,930,,298,3,,,2,100,,299,3,,,2,100,,300,3,,,2,100,,301,3,,,2,100,,302,3,,,2,100,,303,3,,,2,100,,304,3,,,2,100,,305,3,,,2,100,,306,3,,,2
3019,'lun-ven',2,,307,3,,,2,700,,308,3,,,2,30,,309,3,,,2,70,,320,3,,,2,30,,331,3,,,2,70,,335,3,,,2,30,,336,3,,,2,70,,337,3,,,2,30,,338,3,,,2,70,,339,3,,,2,30,,340,3,,,2,70,,310,3,,,2,30,,311,3,,,2,70,,312,3,,,2,30,,313,3,,,2,70,,314,3,,,2,30,,315,3,,,2,70,,316,3,,,2,30,,317,3,,,2,70,,318,3,,,2,30,,319,3,,,2,70,,321,3,,,2,30,,322,3,,,2,70,,323,3,,,2,30,,324,3,,,2,70,,325,3,,,2,30,,326,3,,,2,70,,327,3,,,2,30,,328,3,,,2,70,,329,3,,,2,30,,330,3,,,2,70,,332,3,,,2,30,,333,3,,,2,70,,334,3,,,2
3019,'sam',2,,341,3,,,2,800,,342,3,,,2,30,,343,3,,,2,70,,354,3,,,2,30,,356,3,,,2,70,,357,3,,,2,30,,358,3,,,2,70,,359,3,,,2,30,,360,3,,,2,70,,361,3,,,2,30,,362,3,,,2,70,,344,3,,,2,30,,345,3,,,2,70,,346,3,,,2,30,,347,3,,,2,70,,348,3,,,2,30,,349,3,,,2,70,,350,3,,,2,30,,351,3,,,2,70,,352,3,,,2,30,,353,3,,,2,70,,355,3,,,2
6019,'LN',2,,473,2,,,2,900,,474,2,,,2,30,,475,2,,,2,70,,486,2,,,2,30,,496,2,,,2,70,,497,2,,,2,30,,498,2,,,2,70,,499,2,,,2,30,,500,2,,,2,70,,501,2,,,2,30,,502,2,,,2,70,,476,2,,,2,30,,477,2,,,2,70,,478,2,,,2,30,,479,2,,,2,70,,480,2,,,2,30,,481,2,,,2,70,,482,2,,,2,30,,483,2,,,2,70,,484,2,,,2,30,,485,2,,,2,70,,487,2,,,2,30,,488,2,,,2,70,,489,2,,,2,30,,490,2,,,2,70,,491,2,,,2,30,,492,2,,,2,70,,493,2,,,2,30,,494,2,,,2,70,,495,2,,,2
6019,'VNJA',2,,503,2,,,2,700,,504,2,,,2,30,,505,2,,,2,70,,516,2,,,2,30,,520,2,,,2,70,,521,2,,,2,30,,522,2,,,2,70,,523,2,,,2,30,,524,2,,,2,70,,525,2,,,2,30,,526,2,,,2,70,,506,2,,,2,30,,507,2,,,2,70,,508,2,,,2,30,,509,2,,,2,70,,510,2,,,2,30,,511,2,,,2,70,,512,2,,,2,30,,513,2,,,2,70,,514,2,,,2,30,,515,2,,,2,70,,517,2,,,2,30,,518,2,,,2,70,,519,2,,,2
6019,'dim',2,,527,2,,,2,900,,528,2,,,2,100,,529,2,,,2,100,,530,2,,,2,100,,531,2,,,2,100,,532,2,,,2,100,,533,2,,,2,100,,534,2,,,2,100,,535,2,,,2,100,,536,2,,,2,100,,537,2,,,2
6019,'lun-ven',2,,538,2,,,2,700,,539,2,,,2,30,,540,2,,,2,70,,551,2,,,2,30,,562,2,,,2,70,,566,2,,,2,30,,567,2,,,2,70,,568,2,,,2,30,,569,2,,,2,70,,570,2,,,2,30,,571,2,,,2,70,,541,2,,,2,30,,542,2,,,2,70,,543,2,,,2,30,,544,2,,,2,70,,545,2,,,2,30,,546,2,,,2,70,,547,2,,,2,30,,548,2,,,2,70,,549,2,,,2,30,,550,2,,,2,70,,552,2,,,2,30,,553,2,,,2,70,,554,2,,,2,30,,555,2,,,2,70,,556,2,,,2,30,,557,2,,,2,70,,558,2,,,2,30,,559,2,,,2,70,,560,2,,,2,30,,561,2,,,2,70,,563,2,,,2,30,,564,2,,,2,70,,565,2,,,2
6019,'sam',2,,572,2,,,2,800,,573,2,,,2,30,,574,2,,,2,70,,585,2,,,2,30,,587,2,,,2,70,,588,2,,,2,30,,589,2,,,2,70,,590,2,,,2,30,,591,2,,,2,70,,592,2,,,2,30,,593,2,,,2,70,,575,2,,,2,30,,576,2,,,2,70,,577,2,,,2,30,,578,2,,,2,70,,579,2,,,2,30,,580,2,,,2,70,,581,2,,,2,30,,582,2,,,2,70,,583,2,,,2,30,,584,2,,,2,70,,586,2,,,2
