18000300019,'LN',15,,13418,2,4,,2,913,,13419,2,4,,2,30,,13420,2,4,,2,70,,13431,2,4,,2,30,,13440,2,4,,2,70,,13441,2,4,,2,30,,13442,2,4,,2,70,,13443,2,4,,2,30,,13444,2,4,,2,70,,13445,2,4,,2,30,,13446,2,4,,2,70,,13421,2,4,,2,30,,13422,2,4,,2,70,,13423,2,4,,2,30,,13424,2,4,,2,70,,13425,2,4,,2,30,,13426,2,4,,2,70,,13427,2,4,,2,30,,13428,2,4,,2,70,,13429,2,4,,2,30,,13430,2,4,,2,70,,13432,2,4,,2,30,,13433,2,4,,2,70,,13434,2,4,,2,30,,13435,2,4,,2,70,,13436,2,4,,2,30,,13437,2,4,,2,70,,13438,2,4,,2,30,,13439,2,4,,2
18000300019,'VNJA',15,,13470,2,4,,2,713,,13471,2,4,,2,30,,13472,2,4,,2,70,,13483,2,4,,2,30,,13486,2,4,,2,70,,13487,2,4,,2,30,,13488,2,4,,2,70,,13489,2,4,,2,30,,13490,2,4,,2,70,,13491,2,4,,2,30,,13492,2,4,,2,70,,13473,2,4,,2,30,,13474,2,4,,2,70,,13475,2,4,,2,30,,13476,2,4,,2,70,,13477,2,4,,2,30,,13478,2,4,,2,70,,13479,2,4,,2,30,,13480,2,4,,2,70,,13481,2,4,,2,30,,13482,2,4,,2,70,,13484,2,4,,2,30,,13485,2,4,,2
18000300019,'dim',15,,13512,2,4,,2,913,,13513,2,4,,2,30,,13514,2,4,,2,70,,13523,2,4,,2,30,,13524,2,4,,2,70,,13525,2,4,,2,30,,13526,2,4,,2,70,,13527,2,4,,2,30,,13528,2,4,,2,70,,13529,2,4,,2,30,,13530,2,4,,2,70,,13515,2,4,,2,30,,13516,2,4,,2,70,,13517,2,4,,2,30,,13518,2,4,,2,70,,13519,2,4,,2,30,,13520,2,4,,2,70,,13521,2,4,,2,30,,13522,2,4,,2
18000300019,'lun-ven',15,,13564,2,4,,2,713,,13565,2,4,,2,30,,13566,2,4,,2,70,,13577,2,4,,2,30,,13588,2,4,,2,70,,13591,2,4,,2,30,,13592,2,4,,2,70,,13593,2,4,,2,30,,13594,2,4,,2,70,,13595,2,4,,2,30,,13596,2,4,,2,70,,13567,2,4,,2,30,,13568,2,4,,2,70,,13569,2,4,,2,30,,13570,2,4,,2,70,,13571,2,4,,2,30,,13572,2,4,,2,70,,13573,2,4,,2,30,,13574,2,4,,2,70,,13575,2,4,,2,30,,13576,2,4,,2,70,,13578,2,4,,2,30,,13579,2,4,,2,70,,13580,2,4,,2,30,,13581,2,4,,2,70,,13582,2,4,,2,30,,13583,2,4,,2,70,,13584,2,4,,2,30,,13585,2,4,,2,70,,13586,2,4,,2,30,,13587,2,4,,2,70,,13589,2,4,,2,30,,13590,2,4,,2
18000300019,'sam',15,,13618,2,4,,2,813,,13619,2,4,,2,30,,13620,2,4,,2,70,,13631,2,4,,2,30,,13632,2,4,,2,70,,13633,2,4,,2,30,,13634,2,4,,2,70,,13635,2,4,,2,30,,13636,2,4,,2,70,,13637,2,4,,2,30,,13638,2,4,,2,70,,13621,2,4,,2,30,,13622,2,4,,2,70,,13623,2,4,,2,30,,13624,2,4,,2,70,,13625,2,4,,2,30,,13626,2,4,,2,70,,13627,2,4,,2,30,,13628,2,4,,2,70,,13629,2,4,,2,30,,13630,2,4,,2
18000325019,'LN',0,,13769,1,,,2,852,,13770,1,,,2,70,,13771,1,,,2,30,,13782,1,,,2,70,,13792,1,,,2,30,,13793,1,,,2,70,,13794,1,,,2,30,,13795,1,,,2,70,,13796,1,,,2,30,,13797,1,,,2,70,,13798,1,,,2,30,,13772,1,,,2,70,,13773,1,,,2,30,,13774,1,,,2,70,,13775,1,,,2,30,,13776,1,,,2,70,,13777,1,,,2,30,,13778,1,,,2,70,,13779,1,,,2,30,,13780,1,,,2,70,,13781,1,,,2,30,,13783,1,,,2,70,,13784,1,,,2,30,,13785,1,,,2,70,,13786,1,,,2,30,,13787,1,,,2,70,,13788,1,,,2,30,,13789,1,,,2,70,,13790,1,,,2,30,,13791,1,,,2
18000325019,'VNJA',0,,13799,1,,,2,652,,13800,1,,,2,70,,13801,1,,,2,30,,13812,1,,,2,70,,13816,1,,,2,30,,13817,1,,,2,70,,13818,1,,,2,30,,13819,1,,,2,70,,13820,1,,,2,30,,13821,1,,,2,70,,13822,1,,,2,30,,13802,1,,,2,70,,13803,1,,,2,30,,13804,1,,,2,70,,13805,1,,,2,30,,13806,1,,,2,70,,13807,1,,,2,30,,13808,1,,,2,70,,13809,1,,,2,30,,13810,1,,,2,70,,13811,1,,,2,30,,13813,1,,,2,70,,13814,1,,,2,30,,13815,1,,,2
18000325019,'dim',0,,13823,1,,,2,852,,13824,1,,,2,70,,13825,1,,,2,30,,13835,1,,,2,70,,13836,1,,,2,30,,13837,1,,,2,70,,13838,1,,,2,30,,13839,1,,,2,70,,13840,1,,,2,30,,13841,1,,,2,70,,13842,1,,,2,30,,13826,1,,,2,70,,13827,1,,,2,30,,13828,1,,,2,70,,13829,1,,,2,30,,13830,1,,,2,70,,13831,1,,,2,30,,13832,1,,,2,70,,13833,1,,,2,30,,13834,1,,,2
18000325019,'lun-ven',0,,13843,1,,,2,652,,13844,1,,,2,70,,13845,1,,,2,30,,13856,1,,,2,70,,13867,1,,,2,30,,13871,1,,,2,70,,13872,1,,,2,30,,13873,1,,,2,70,,13874,1,,,2,30,,13875,1,,,2,70,,13876,1,,,2,30,,13846,1,,,2,70,,13847,1,,,2,30,,13848,1,,,2,70,,13849,1,,,2,30,,13850,1,,,2,70,,13851,1,,,2,30,,13852,1,,,2,70,,13853,1,,,2,30,,13854,1,,,2,70,,13855,1,,,2,30,,13857,1,,,2,70,,13858,1,,,2,30,,13859,1,,,2,70,,13860,1,,,2,30,,13861,1,,,2,70,,13862,1,,,2,30,,13863,1,,,2,70,,13864,1,,,2,30,,13865,1,,,2,70,,13866,1,,,2,30,,13868,1,,,2,70,,13869,1,,,2,30,,13870,1,,,2
18000325019,'sam',0,,13877,1,,,2,752,,13878,1,,,2,70,,13879,1,,,2,30,,13890,1,,,2,70,,13892,1,,,2,30,,13893,1,,,2,70,,13894,1,,,2,30,,13895,1,,,2,70,,13896,1,,,2,30,,13897,1,,,2,70,,13898,1,,,2,30,,13880,1,,,2,70,,13881,1,,,2,30,,13882,1,,,2,70,,13883,1,,,2,30,,13884,1,,,2,70,,13885,1,,,2,30,,13886,1,,,2,70,,13887,1,,,2,30,,13888,1,,,2,70,,13889,1,,,2,30,,13891,1,,,2
