10000500019,'LN',15,,6322,2,4,,2,908,,6323,2,4,,2,30,,6324,2,4,,2,70,,6335,2,4,,2,30,,6344,2,4,,2,70,,6345,2,4,,2,30,,6346,2,4,,2,70,,6347,2,4,,2,30,,6348,2,4,,2,70,,6349,2,4,,2,30,,6350,2,4,,2,70,,6325,2,4,,2,30,,6326,2,4,,2,70,,6327,2,4,,2,30,,6328,2,4,,2,70,,6329,2,4,,2,30,,6330,2,4,,2,70,,6331,2,4,,2,30,,6332,2,4,,2,70,,6333,2,4,,2,30,,6334,2,4,,2,70,,6336,2,4,,2,30,,6337,2,4,,2,70,,6338,2,4,,2,30,,6339,2,4,,2,70,,6340,2,4,,2,30,,6341,2,4,,2,70,,6342,2,4,,2,30,,6343,2,4,,2
10000500019,'VNJA',15,,6635,2,4,,2,708,,6636,2,4,,2,30,,6637,2,4,,2,70,,6648,2,4,,2,30,,6651,2,4,,2,70,,6652,2,4,,2,30,,6653,2,4,,2,70,,6654,2,4,,2,30,,6655,2,4,,2,70,,6656,2,4,,2,30,,6657,2,4,,2,70,,6638,2,4,,2,30,,6639,2,4,,2,70,,6640,2,4,,2,30,,6641,2,4,,2,70,,6642,2,4,,2,30,,6643,2,4,,2,70,,6644,2,4,,2,30,,6645,2,4,,2,70,,6646,2,4,,2,30,,6647,2,4,,2,70,,6649,2,4,,2,30,,6650,2,4,,2
10000500019,'dim',15,,6884,2,4,,2,908,,6885,2,4,,2,30,,6886,2,4,,2,70,,6895,2,4,,2,30,,6896,2,4,,2,70,,6897,2,4,,2,30,,6898,2,4,,2,70,,6899,2,4,,2,30,,6900,2,4,,2,70,,6901,2,4,,2,30,,6902,2,4,,2,70,,6887,2,4,,2,30,,6888,2,4,,2,70,,6889,2,4,,2,30,,6890,2,4,,2,70,,6891,2,4,,2,30,,6892,2,4,,2,70,,6893,2,4,,2,30,,6894,2,4,,2
10000500019,'lun-ven',15,,7107,2,4,,2,708,,7108,2,4,,2,30,,7109,2,4,,2,70,,7120,2,4,,2,30,,7131,2,4,,2,70,,7134,2,4,,2,30,,7135,2,4,,2,70,,7136,2,4,,2,30,,7137,2,4,,2,70,,7138,2,4,,2,30,,7139,2,4,,2,70,,7110,2,4,,2,30,,7111,2,4,,2,70,,7112,2,4,,2,30,,7113,2,4,,2,70,,7114,2,4,,2,30,,7115,2,4,,2,70,,7116,2,4,,2,30,,7117,2,4,,2,70,,7118,2,4,,2,30,,7119,2,4,,2,70,,7121,2,4,,2,30,,7122,2,4,,2,70,,7123,2,4,,2,30,,7124,2,4,,2,70,,7125,2,4,,2,30,,7126,2,4,,2,70,,7127,2,4,,2,30,,7128,2,4,,2,70,,7129,2,4,,2,30,,7130,2,4,,2,70,,7132,2,4,,2,30,,7133,2,4,,2
10000500019,'sam',15,,7458,2,4,,2,808,,7459,2,4,,2,30,,7460,2,4,,2,70,,7471,2,4,,2,30,,7472,2,4,,2,70,,7473,2,4,,2,30,,7474,2,4,,2,70,,7475,2,4,,2,30,,7476,2,4,,2,70,,7477,2,4,,2,30,,7478,2,4,,2,70,,7461,2,4,,2,30,,7462,2,4,,2,70,,7463,2,4,,2,30,,7464,2,4,,2,70,,7465,2,4,,2,30,,7466,2,4,,2,70,,7467,2,4,,2,30,,7468,2,4,,2,70,,7469,2,4,,2,30,,7470,2,4,,2
10000510019,'LN',0,,7796,1,,,2,920,,7797,1,,,2,30,,7798,1,,,2,70,,7809,1,,,2,30,,7818,1,,,2,70,,7819,1,,,2,30,,7820,1,,,2,70,,7821,1,,,2,30,,7822,1,,,2,70,,7823,1,,,2,30,,7824,1,,,2,70,,7799,1,,,2,30,,7800,1,,,2,70,,7801,1,,,2,30,,7802,1,,,2,70,,7803,1,,,2,30,,7804,1,,,2,70,,7805,1,,,2,30,,7806,1,,,2,70,,7807,1,,,2,30,,7808,1,,,2,70,,7810,1,,,2,30,,7811,1,,,2,70,,7812,1,,,2,30,,7813,1,,,2,70,,7814,1,,,2,30,,7815,1,,,2,70,,7816,1,,,2,30,,7817,1,,,2
10000510019,'VNJA',0,,7825,1,,,2,650,,7826,1,,,2,70,,7827,1,,,2,30,,7838,1,,,2,70,,7842,1,,,2,30,,7843,1,,,2,70,,7844,1,,,2,30,,7845,1,,,2,70,,7846,1,,,2,30,,7847,1,,,2,70,,7848,1,,,2,30,,7828,1,,,2,70,,7829,1,,,2,30,,7830,1,,,2,70,,7831,1,,,2,30,,7832,1,,,2,70,,7833,1,,,2,30,,7834,1,,,2,70,,7835,1,,,2,30,,7836,1,,,2,70,,7837,1,,,2,30,,7839,1,,,2,70,,7840,1,,,2,30,,7841,1,,,2
10000510019,'dim',0,,7849,1,,,2,920,,7850,1,,,2,30,,7851,1,,,2,70,,7860,1,,,2,30,,7861,1,,,2,70,,7862,1,,,2,30,,7863,1,,,2,70,,7864,1,,,2,30,,7865,1,,,2,70,,7866,1,,,2,30,,7867,1,,,2,70,,7852,1,,,2,30,,7853,1,,,2,70,,7854,1,,,2,30,,7855,1,,,2,70,,7856,1,,,2,30,,7857,1,,,2,70,,7858,1,,,2,30,,7859,1,,,2
10000510019,'lun-ven',0,,7868,1,,,2,650,,7869,1,,,2,70,,7870,1,,,2,30,,7881,1,,,2,70,,7892,1,,,2,30,,7896,1,,,2,70,,7897,1,,,2,30,,7898,1,,,2,70,,7899,1,,,2,30,,7900,1,,,2,70,,7901,1,,,2,30,,7871,1,,,2,70,,7872,1,,,2,30,,7873,1,,,2,70,,7874,1,,,2,30,,7875,1,,,2,70,,7876,1,,,2,30,,7877,1,,,2,70,,7878,1,,,2,30,,7879,1,,,2,70,,7880,1,,,2,30,,7882,1,,,2,70,,7883,1,,,2,30,,7884,1,,,2,70,,7885,1,,,2,30,,7886,1,,,2,70,,7887,1,,,2,30,,7888,1,,,2,70,,7889,1,,,2,30,,7890,1,,,2,70,,7891,1,,,2,30,,7893,1,,,2,70,,7894,1,,,2,30,,7895,1,,,2
10000510019,'sam',0,,7902,1,,,2,750,,7903,1,,,2,70,,7904,1,,,2,30,,7915,1,,,2,70,,7917,1,,,2,30,,7918,1,,,2,70,,7919,1,,,2,30,,7920,1,,,2,70,,7921,1,,,2,30,,7922,1,,,2,70,,7923,1,,,2,30,,7905,1,,,2,70,,7906,1,,,2,30,,7907,1,,,2,70,,7908,1,,,2,30,,7909,1,,,2,70,,7910,1,,,2,30,,7911,1,,,2,70,,7912,1,,,2,30,,7913,1,,,2,70,,7914,1,,,2,30,,7916,1,,,2
