14000800019,'LN',15,,9971,2,4,,2,913,,9972,2,4,,2,30,,9973,2,4,,2,70,,9984,2,4,,2,30,,9993,2,4,,2,70,,9994,2,4,,2,30,,9995,2,4,,2,70,,9996,2,4,,2,30,,9997,2,4,,2,70,,9998,2,4,,2,30,,9999,2,4,,2,70,,9974,2,4,,2,30,,9975,2,4,,2,70,,9976,2,4,,2,30,,9977,2,4,,2,70,,9978,2,4,,2,30,,9979,2,4,,2,70,,9980,2,4,,2,30,,9981,2,4,,2,70,,9982,2,4,,2,30,,9983,2,4,,2,70,,9985,2,4,,2,30,,9986,2,4,,2,70,,9987,2,4,,2,30,,9988,2,4,,2,70,,9989,2,4,,2,30,,9990,2,4,,2,70,,9991,2,4,,2,30,,9992,2,4,,2
14000800019,'VNJA',15,,10347,2,4,,2,713,,10348,2,4,,2,30,,10349,2,4,,2,70,,10360,2,4,,2,30,,10363,2,4,,2,70,,10364,2,4,,2,30,,10365,2,4,,2,70,,10366,2,4,,2,30,,10367,2,4,,2,70,,10368,2,4,,2,30,,10369,2,4,,2,70,,10350,2,4,,2,30,,10351,2,4,,2,70,,10352,2,4,,2,30,,10353,2,4,,2,70,,10354,2,4,,2,30,,10355,2,4,,2,70,,10356,2,4,,2,30,,10357,2,4,,2,70,,10358,2,4,,2,30,,10359,2,4,,2,70,,10361,2,4,,2,30,,10362,2,4,,2
14000800019,'dim',15,,10649,2,4,,2,913,,10650,2,4,,2,30,,10651,2,4,,2,70,,10660,2,4,,2,30,,10661,2,4,,2,70,,10662,2,4,,2,30,,10663,2,4,,2,70,,10664,2,4,,2,30,,10665,2,4,,2,70,,10666,2,4,,2,30,,10667,2,4,,2,70,,10652,2,4,,2,30,,10653,2,4,,2,70,,10654,2,4,,2,30,,10655,2,4,,2,70,,10656,2,4,,2,30,,10657,2,4,,2,70,,10658,2,4,,2,30,,10659,2,4,,2
14000800019,'lun-ven',15,,10985,2,4,,2,713,,10986,2,4,,2,30,,10987,2,4,,2,70,,10998,2,4,,2,30,,11009,2,4,,2,70,,11012,2,4,,2,30,,11013,2,4,,2,70,,11014,2,4,,2,30,,11015,2,4,,2,70,,11016,2,4,,2,30,,11017,2,4,,2,70,,10988,2,4,,2,30,,10989,2,4,,2,70,,10990,2,4,,2,30,,10991,2,4,,2,70,,10992,2,4,,2,30,,10993,2,4,,2,70,,10994,2,4,,2,30,,10995,2,4,,2,70,,10996,2,4,,2,30,,10997,2,4,,2,70,,10999,2,4,,2,30,,11000,2,4,,2,70,,11001,2,4,,2,30,,11002,2,4,,2,70,,11003,2,4,,2,30,,11004,2,4,,2,70,,11005,2,4,,2,30,,11006,2,4,,2,70,,11007,2,4,,2,30,,11008,2,4,,2,70,,11010,2,4,,2,30,,11011,2,4,,2
14000800019,'sam',15,,11387,2,4,,2,813,,11388,2,4,,2,30,,11389,2,4,,2,70,,11400,2,4,,2,30,,11401,2,4,,2,70,,11402,2,4,,2,30,,11403,2,4,,2,70,,11404,2,4,,2,30,,11405,2,4,,2,70,,11406,2,4,,2,30,,11407,2,4,,2,70,,11390,2,4,,2,30,,11391,2,4,,2,70,,11392,2,4,,2,30,,11393,2,4,,2,70,,11394,2,4,,2,30,,11395,2,4,,2,70,,11396,2,4,,2,30,,11397,2,4,,2,70,,11398,2,4,,2,30,,11399,2,4,,2
14000850019,'LN',0,,12226,1,,,2,852,,12227,1,,,2,70,,12228,1,,,2,30,,12239,1,,,2,70,,12249,1,,,2,30,,12250,1,,,2,70,,12251,1,,,2,30,,12252,1,,,2,70,,12253,1,,,2,30,,12254,1,,,2,70,,12255,1,,,2,30,,12229,1,,,2,70,,12230,1,,,2,30,,12231,1,,,2,70,,12232,1,,,2,30,,12233,1,,,2,70,,12234,1,,,2,30,,12235,1,,,2,70,,12236,1,,,2,30,,12237,1,,,2,70,,12238,1,,,2,30,,12240,1,,,2,70,,12241,1,,,2,30,,12242,1,,,2,70,,12243,1,,,2,30,,12244,1,,,2,70,,12245,1,,,2,30,,12246,1,,,2,70,,12247,1,,,2,30,,12248,1,,,2
14000850019,'VNJA',0,,12256,1,,,2,652,,12257,1,,,2,70,,12258,1,,,2,30,,12269,1,,,2,70,,12273,1,,,2,30,,12274,1,,,2,70,,12275,1,,,2,30,,12276,1,,,2,70,,12277,1,,,2,30,,12278,1,,,2,70,,12279,1,,,2,30,,12259,1,,,2,70,,12260,1,,,2,30,,12261,1,,,2,70,,12262,1,,,2,30,,12263,1,,,2,70,,12264,1,,,2,30,,12265,1,,,2,70,,12266,1,,,2,30,,12267,1,,,2,70,,12268,1,,,2,30,,12270,1,,,2,70,,12271,1,,,2,30,,12272,1,,,2
14000850019,'dim',0,,12280,1,,,2,852,,12281,1,,,2,70,,12282,1,,,2,30,,12292,1,,,2,70,,12293,1,,,2,30,,12294,1,,,2,70,,12295,1,,,2,30,,12296,1,,,2,70,,12297,1,,,2,30,,12298,1,,,2,70,,12299,1,,,2,30,,12283,1,,,2,70,,12284,1,,,2,30,,12285,1,,,2,70,,12286,1,,,2,30,,12287,1,,,2,70,,12288,1,,,2,30,,12289,1,,,2,70,,12290,1,,,2,30,,12291,1,,,2
14000850019,'lun-ven',0,,12300,1,,,2,652,,12301,1,,,2,70,,12302,1,,,2,30,,12313,1,,,2,70,,12324,1,,,2,30,,12328,1,,,2,70,,12329,1,,,2,30,,12330,1,,,2,70,,12331,1,,,2,30,,12332,1,,,2,70,,12333,1,,,2,30,,12303,1,,,2,70,,12304,1,,,2,30,,12305,1,,,2,70,,12306,1,,,2,30,,12307,1,,,2,70,,12308,1,,,2,30,,12309,1,,,2,70,,12310,1,,,2,30,,12311,1,,,2,70,,12312,1,,,2,30,,12314,1,,,2,70,,12315,1,,,2,30,,12316,1,,,2,70,,12317,1,,,2,30,,12318,1,,,2,70,,12319,1,,,2,30,,12320,1,,,2,70,,12321,1,,,2,30,,12322,1,,,2,70,,12323,1,,,2,30,,12325,1,,,2,70,,12326,1,,,2,30,,12327,1,,,2
14000850019,'sam',0,,12334,1,,,2,752,,12335,1,,,2,70,,12336,1,,,2,30,,12347,1,,,2,70,,12349,1,,,2,30,,12350,1,,,2,70,,12351,1,,,2,30,,12352,1,,,2,70,,12353,1,,,2,30,,12354,1,,,2,70,,12355,1,,,2,30,,12337,1,,,2,70,,12338,1,,,2,30,,12339,1,,,2,70,,12340,1,,,2,30,,12341,1,,,2,70,,12342,1,,,2,30,,12343,1,,,2,70,,12344,1,,,2,30,,12345,1,,,2,70,,12346,1,,,2,30,,12348,1,,,2
