3000700019,'LN',13,,3036,2,4,,2,909,,3037,2,4,,2,30,,3038,2,4,,2,70,,3049,2,4,,2,30,,3058,2,4,,2,70,,3059,2,4,,2,30,,3060,2,4,,2,70,,3061,2,4,,2,30,,3062,2,4,,2,70,,3063,2,4,,2,30,,3064,2,4,,2,70,,3039,2,4,,2,30,,3040,2,4,,2,70,,3041,2,4,,2,30,,3042,2,4,,2,70,,3043,2,4,,2,30,,3044,2,4,,2,70,,3045,2,4,,2,30,,3046,2,4,,2,70,,3047,2,4,,2,30,,3048,2,4,,2,70,,3050,2,4,,2,30,,3051,2,4,,2,70,,3052,2,4,,2,30,,3053,2,4,,2,70,,3054,2,4,,2,30,,3055,2,4,,2,70,,3056,2,4,,2,30,,3057,2,4,,2
3000700019,'VNJA',13,,3111,2,4,,2,709,,3112,2,4,,2,30,,3113,2,4,,2,70,,3124,2,4,,2,30,,3127,2,4,,2,70,,3128,2,4,,2,30,,3129,2,4,,2,70,,3130,2,4,,2,30,,3131,2,4,,2,70,,3132,2,4,,2,30,,3133,2,4,,2,70,,3114,2,4,,2,30,,3115,2,4,,2,70,,3116,2,4,,2,30,,3117,2,4,,2,70,,3118,2,4,,2,30,,3119,2,4,,2,70,,3120,2,4,,2,30,,3121,2,4,,2,70,,3122,2,4,,2,30,,3123,2,4,,2,70,,3125,2,4,,2,30,,3126,2,4,,2
3000700019,'dim',13,,3172,2,4,,2,909,,3173,2,4,,2,30,,3174,2,4,,2,70,,3183,2,4,,2,30,,3184,2,4,,2,70,,3185,2,4,,2,30,,3186,2,4,,2,70,,3187,2,4,,2,30,,3188,2,4,,2,70,,3189,2,4,,2,30,,3190,2,4,,2,70,,3175,2,4,,2,30,,3176,2,4,,2,70,,3177,2,4,,2,30,,3178,2,4,,2,70,,3179,2,4,,2,30,,3180,2,4,,2,70,,3181,2,4,,2,30,,3182,2,4,,2
3000700019,'lun-ven',13,,3257,2,4,,2,709,,3258,2,4,,2,30,,3259,2,4,,2,70,,3270,2,4,,2,30,,3281,2,4,,2,70,,3284,2,4,,2,30,,3285,2,4,,2,70,,3286,2,4,,2,30,,3287,2,4,,2,70,,3288,2,4,,2,30,,3289,2,4,,2,70,,3260,2,4,,2,30,,3261,2,4,,2,70,,3262,2,4,,2,30,,3263,2,4,,2,70,,3264,2,4,,2,30,,3265,2,4,,2,70,,3266,2,4,,2,30,,3267,2,4,,2,70,,3268,2,4,,2,30,,3269,2,4,,2,70,,3271,2,4,,2,30,,3272,2,4,,2,70,,3273,2,4,,2,30,,3274,2,4,,2,70,,3275,2,4,,2,30,,3276,2,4,,2,70,,3277,2,4,,2,30,,3278,2,4,,2,70,,3279,2,4,,2,30,,3280,2,4,,2,70,,3282,2,4,,2,30,,3283,2,4,,2
3000700019,'sam',13,,3332,2,4,,2,809,,3333,2,4,,2,30,,3334,2,4,,2,70,,3345,2,4,,2,30,,3346,2,4,,2,70,,3347,2,4,,2,30,,3348,2,4,,2,70,,3349,2,4,,2,30,,3350,2,4,,2,70,,3351,2,4,,2,30,,3352,2,4,,2,70,,3335,2,4,,2,30,,3336,2,4,,2,70,,3337,2,4,,2,30,,3338,2,4,,2,70,,3339,2,4,,2,30,,3340,2,4,,2,70,,3341,2,4,,2,30,,3342,2,4,,2,70,,3343,2,4,,2,30,,3344,2,4,,2
3000790019,'LN',0,,3613,1,,,2,853,,3614,1,,,2,70,,3615,1,,,2,30,,3626,1,,,2,70,,3636,1,,,2,30,,3637,1,,,2,70,,3638,1,,,2,30,,3639,1,,,2,70,,3640,1,,,2,30,,3641,1,,,2,70,,3642,1,,,2,30,,3616,1,,,2,70,,3617,1,,,2,30,,3618,1,,,2,70,,3619,1,,,2,30,,3620,1,,,2,70,,3621,1,,,2,30,,3622,1,,,2,70,,3623,1,,,2,30,,3624,1,,,2,70,,3625,1,,,2,30,,3627,1,,,2,70,,3628,1,,,2,30,,3629,1,,,2,70,,3630,1,,,2,30,,3631,1,,,2,70,,3632,1,,,2,30,,3633,1,,,2,70,,3634,1,,,2,30,,3635,1,,,2
3000790019,'VNJA',0,,3643,1,,,2,653,,3644,1,,,2,70,,3645,1,,,2,30,,3656,1,,,2,70,,3660,1,,,2,30,,3661,1,,,2,70,,3662,1,,,2,30,,3663,1,,,2,70,,3664,1,,,2,30,,3665,1,,,2,70,,3666,1,,,2,30,,3646,1,,,2,70,,3647,1,,,2,30,,3648,1,,,2,70,,3649,1,,,2,30,,3650,1,,,2,70,,3651,1,,,2,30,,3652,1,,,2,70,,3653,1,,,2,30,,3654,1,,,2,70,,3655,1,,,2,30,,3657,1,,,2,70,,3658,1,,,2,30,,3659,1,,,2
3000790019,'dim',0,,3667,1,,,2,853,,3668,1,,,2,70,,3669,1,,,2,30,,3679,1,,,2,70,,3680,1,,,2,30,,3681,1,,,2,70,,3682,1,,,2,30,,3683,1,,,2,70,,3684,1,,,2,30,,3685,1,,,2,70,,3686,1,,,2,30,,3670,1,,,2,70,,3671,1,,,2,30,,3672,1,,,2,70,,3673,1,,,2,30,,3674,1,,,2,70,,3675,1,,,2,30,,3676,1,,,2,70,,3677,1,,,2,30,,3678,1,,,2
3000790019,'lun-ven',0,,3687,1,,,2,653,,3688,1,,,2,70,,3689,1,,,2,30,,3700,1,,,2,70,,3711,1,,,2,30,,3715,1,,,2,70,,3716,1,,,2,30,,3717,1,,,2,70,,3718,1,,,2,30,,3719,1,,,2,70,,3720,1,,,2,30,,3690,1,,,2,70,,3691,1,,,2,30,,3692,1,,,2,70,,3693,1,,,2,30,,3694,1,,,2,70,,3695,1,,,2,30,,3696,1,,,2,70,,3697,1,,,2,30,,3698,1,,,2,70,,3699,1,,,2,30,,3701,1,,,2,70,,3702,1,,,2,30,,3703,1,,,2,70,,3704,1,,,2,30,,3705,1,,,2,70,,3706,1,,,2,30,,3707,1,,,2,70,,3708,1,,,2,30,,3709,1,,,2,70,,3710,1,,,2,30,,3712,1,,,2,70,,3713,1,,,2,30,,3714,1,,,2
3000790019,'sam',0,,3721,1,,,2,753,,3722,1,,,2,70,,3723,1,,,2,30,,3734,1,,,2,70,,3736,1,,,2,30,,3737,1,,,2,70,,3738,1,,,2,30,,3739,1,,,2,70,,3740,1,,,2,30,,3741,1,,,2,70,,3742,1,,,2,30,,3724,1,,,2,70,,3725,1,,,2,30,,3726,1,,,2,70,,3727,1,,,2,30,,3728,1,,,2,70,,3729,1,,,2,30,,3730,1,,,2,70,,3731,1,,,2,30,,3732,1,,,2,70,,3733,1,,,2,30,,3735,1,,,2
