2019,'LN',6,,122,5,,,2,900,,123,5,,,2,30,,124,5,,,2,70,,135,5,,,2,30,,145,5,,,2,70,,146,5,,,2,30,,147,5,,,2,70,,148,5,,,2,30,,149,5,,,2,70,,150,5,,,2,30,,151,5,,,2,70,,125,5,,,2,30,,126,5,,,2,70,,127,5,,,2,30,,128,5,,,2,70,,129,5,,,2,30,,130,5,,,2,70,,131,5,,,2,30,,132,5,,,2,70,,133,5,,,2,30,,134,5,,,2,70,,136,5,,,2,30,,137,5,,,2,70,,138,5,,,2,30,,139,5,,,2,70,,140,5,,,2,30,,141,5,,,2,70,,142,5,,,2,30,,143,5,,,2,70,,144,5,,,2
2019,'VNJA',6,,152,5,,,2,700,,153,5,,,2,30,,154,5,,,2,70,,165,5,,,2,30,,169,5,,,2,70,,170,5,,,2,30,,171,5,,,2,70,,172,5,,,2,30,,173,5,,,2,70,,174,5,,,2,30,,175,5,,,2,70,,155,5,,,2,30,,156,5,,,2,70,,157,5,,,2,30,,158,5,,,2,70,,159,5,,,2,30,,160,5,,,2,70,,161,5,,,2,30,,162,5,,,2,70,,163,5,,,2,30,,164,5,,,2,70,,166,5,,,2,30,,167,5,,,2,70,,168,5,,,2
2019,'dim',6,,176,5,,,2,900,,177,5,,,2,100,,178,5,,,2,100,,179,5,,,2,100,,180,5,,,2,100,,181,5,,,2,100,,182,5,,,2,100,,183,5,,,2,100,,184,5,,,2,100,,185,5,,,2,100,,186,5,,,2
2019,'lun-ven',6,,187,5,,,2,700,,188,5,,,2,30,,189,5,,,2,70,,200,5,,,2,30,,211,5,,,2,70,,215,5,,,2,30,,216,5,,,2,70,,217,5,,,2,30,,218,5,,,2,70,,219,5,,,2,30,,220,5,,,2,70,,190,5,,,2,30,,191,5,,,2,70,,192,5,,,2,30,,193,5,,,2,70,,194,5,,,2,30,,195,5,,,2,70,,196,5,,,2,30,,197,5,,,2,70,,198,5,,,2,30,,199,5,,,2,70,,201,5,,,2,30,,202,5,,,2,70,,203,5,,,2,30,,204,5,,,2,70,,205,5,,,2,30,,206,5,,,2,70,,207,5,,,2,30,,208,5,,,2,70,,209,5,,,2,30,,210,5,,,2,70,,212,5,,,2,30,,213,5,,,2,70,,214,5,,,2
2019,'sam',6,,221,5,,,2,800,,222,5,,,2,30,,223,5,,,2,70,,234,5,,,2,30,,236,5,,,2,70,,237,5,,,2,30,,238,5,,,2,70,,239,5,,,2,30,,240,5,,,2,70,,241,5,,,2,30,,242,5,,,2,70,,224,5,,,2,30,,225,5,,,2,70,,226,5,,,2,30,,227,5,,,2,70,,228,5,,,2,30,,229,5,,,2,70,,230,5,,,2,30,,231,5,,,2,70,,232,5,,,2,30,,233,5,,,2,70,,235,5,,,2
140005019,'LN',8,,670,10,,,2,900,,671,10,,,2,30,,672,10,,,2,70,,683,10,,,2,30,,693,10,,,2,70,,694,10,,,2,30,,695,10,,,2,70,,696,10,,,2,30,,697,10,,,2,70,,698,10,,,2,30,,699,10,,,2,70,,673,10,,,2,30,,674,10,,,2,70,,675,10,,,2,30,,676,10,,,2,70,,677,10,,,2,30,,678,10,,,2,70,,679,10,,,2,30,,680,10,,,2,70,,681,10,,,2,30,,682,10,,,2,70,,684,10,,,2,30,,685,10,,,2,70,,686,10,,,2,30,,687,10,,,2,70,,688,10,,,2,30,,689,10,,,2,70,,690,10,,,2,30,,691,10,,,2,70,,692,10,,,2
140005019,'VNJA',8,,700,10,,,2,530,,701,10,,,2,70,,702,10,,,2,30,,713,10,,,2,70,,720,10,,,2,30,,721,10,,,2,70,,722,10,,,2,30,,723,10,,,2,70,,724,10,,,2,30,,725,10,,,2,70,,726,10,,,2,30,,703,10,,,2,70,,704,10,,,2,30,,705,10,,,2,70,,706,10,,,2,30,,707,10,,,2,70,,708,10,,,2,30,,709,10,,,2,70,,710,10,,,2,30,,711,10,,,2,70,,712,10,,,2,30,,714,10,,,2,70,,715,10,,,2,30,,716,10,,,2,70,,717,10,,,2,30,,718,10,,,2,70,,719,10,,,2
140005019,'dim',8,,727,10,,,2,930,,728,10,,,2,100,,729,10,,,2,100,,730,10,,,2,100,,731,10,,,2,100,,732,10,,,2,100,,733,10,,,2,100,,734,10,,,2,100,,735,10,,,2,100,,736,10,,,2
140005019,'lun-ven',8,,737,10,,,2,530,,738,10,,,2,70,,739,10,,,2,30,,750,10,,,2,70,,761,10,,,2,30,,771,10,,,2,70,,772,10,,,2,30,,773,10,,,2,70,,774,10,,,2,30,,775,10,,,2,70,,776,10,,,2,30,,740,10,,,2,70,,741,10,,,2,30,,742,10,,,2,70,,743,10,,,2,30,,744,10,,,2,70,,745,10,,,2,30,,746,10,,,2,70,,747,10,,,2,30,,748,10,,,2,70,,749,10,,,2,30,,751,10,,,2,70,,752,10,,,2,30,,753,10,,,2,70,,754,10,,,2,30,,755,10,,,2,70,,756,10,,,2,30,,757,10,,,2,70,,758,10,,,2,30,,759,10,,,2,70,,760,10,,,2,30,,762,10,,,2,70,,763,10,,,2,30,,764,10,,,2,70,,765,10,,,2,30,,766,10,,,2,70,,767,10,,,2,30,,768,10,,,2,70,,769,10,,,2,30,,770,10,,,2
140005019,'sam',8,,777,10,,,2,800,,778,10,,,2,30,,779,10,,,2,70,,790,10,,,2,30,,792,10,,,2,70,,793,10,,,2,30,,794,10,,,2,70,,795,10,,,2,30,,796,10,,,2,70,,797,10,,,2,30,,798,10,,,2,70,,780,10,,,2,30,,781,10,,,2,70,,782,10,,,2,30,,783,10,,,2,70,,784,10,,,2,30,,785,10,,,2,70,,786,10,,,2,30,,787,10,,,2,70,,788,10,,,2,30,,789,10,,,2,70,,791,10,,,2
