14000800019,'LN',11,,10116,2,4,,2,913,,10117,2,4,,2,30,,10118,2,4,,2,70,,10129,2,4,,2,30,,10138,2,4,,2,70,,10139,2,4,,2,30,,10140,2,4,,2,70,,10141,2,4,,2,30,,10142,2,4,,2,70,,10143,2,4,,2,30,,10144,2,4,,2,70,,10119,2,4,,2,30,,10120,2,4,,2,70,,10121,2,4,,2,30,,10122,2,4,,2,70,,10123,2,4,,2,30,,10124,2,4,,2,70,,10125,2,4,,2,30,,10126,2,4,,2,70,,10127,2,4,,2,30,,10128,2,4,,2,70,,10130,2,4,,2,30,,10131,2,4,,2,70,,10132,2,4,,2,30,,10133,2,4,,2,70,,10134,2,4,,2,30,,10135,2,4,,2,70,,10136,2,4,,2,30,,10137,2,4,,2
14000800019,'VNJA',11,,10462,2,4,,2,713,,10463,2,4,,2,30,,10464,2,4,,2,70,,10475,2,4,,2,30,,10478,2,4,,2,70,,10479,2,4,,2,30,,10480,2,4,,2,70,,10481,2,4,,2,30,,10482,2,4,,2,70,,10483,2,4,,2,30,,10484,2,4,,2,70,,10465,2,4,,2,30,,10466,2,4,,2,70,,10467,2,4,,2,30,,10468,2,4,,2,70,,10469,2,4,,2,30,,10470,2,4,,2,70,,10471,2,4,,2,30,,10472,2,4,,2,70,,10473,2,4,,2,30,,10474,2,4,,2,70,,10476,2,4,,2,30,,10477,2,4,,2
14000800019,'dim',11,,10744,2,4,,2,913,,10745,2,4,,2,30,,10746,2,4,,2,70,,10755,2,4,,2,30,,10756,2,4,,2,70,,10757,2,4,,2,30,,10758,2,4,,2,70,,10759,2,4,,2,30,,10760,2,4,,2,70,,10761,2,4,,2,30,,10762,2,4,,2,70,,10747,2,4,,2,30,,10748,2,4,,2,70,,10749,2,4,,2,30,,10750,2,4,,2,70,,10751,2,4,,2,30,,10752,2,4,,2,70,,10753,2,4,,2,30,,10754,2,4,,2
14000800019,'lun-ven',11,,11150,2,4,,2,713,,11151,2,4,,2,30,,11152,2,4,,2,70,,11163,2,4,,2,30,,11174,2,4,,2,70,,11177,2,4,,2,30,,11178,2,4,,2,70,,11179,2,4,,2,30,,11180,2,4,,2,70,,11181,2,4,,2,30,,11182,2,4,,2,70,,11153,2,4,,2,30,,11154,2,4,,2,70,,11155,2,4,,2,30,,11156,2,4,,2,70,,11157,2,4,,2,30,,11158,2,4,,2,70,,11159,2,4,,2,30,,11160,2,4,,2,70,,11161,2,4,,2,30,,11162,2,4,,2,70,,11164,2,4,,2,30,,11165,2,4,,2,70,,11166,2,4,,2,30,,11167,2,4,,2,70,,11168,2,4,,2,30,,11169,2,4,,2,70,,11170,2,4,,2,30,,11171,2,4,,2,70,,11172,2,4,,2,30,,11173,2,4,,2,70,,11175,2,4,,2,30,,11176,2,4,,2
14000800019,'sam',11,,11492,2,4,,2,813,,11493,2,4,,2,30,,11494,2,4,,2,70,,11505,2,4,,2,30,,11506,2,4,,2,70,,11507,2,4,,2,30,,11508,2,4,,2,70,,11509,2,4,,2,30,,11510,2,4,,2,70,,11511,2,4,,2,30,,11512,2,4,,2,70,,11495,2,4,,2,30,,11496,2,4,,2,70,,11497,2,4,,2,30,,11498,2,4,,2,70,,11499,2,4,,2,30,,11500,2,4,,2,70,,11501,2,4,,2,30,,11502,2,4,,2,70,,11503,2,4,,2,30,,11504,2,4,,2
14000885019,'LN',0,,12871,1,,,2,859,,12872,1,,,2,70,,12873,1,,,2,30,,12884,1,,,2,70,,12894,1,,,2,30,,12895,1,,,2,70,,12896,1,,,2,30,,12897,1,,,2,70,,12898,1,,,2,30,,12899,1,,,2,70,,12900,1,,,2,30,,12874,1,,,2,70,,12875,1,,,2,30,,12876,1,,,2,70,,12877,1,,,2,30,,12878,1,,,2,70,,12879,1,,,2,30,,12880,1,,,2,70,,12881,1,,,2,30,,12882,1,,,2,70,,12883,1,,,2,30,,12885,1,,,2,70,,12886,1,,,2,30,,12887,1,,,2,70,,12888,1,,,2,30,,12889,1,,,2,70,,12890,1,,,2,30,,12891,1,,,2,70,,12892,1,,,2,30,,12893,1,,,2
14000885019,'VNJA',0,,12901,1,,,2,659,,12902,1,,,2,70,,12903,1,,,2,30,,12914,1,,,2,70,,12918,1,,,2,30,,12919,1,,,2,70,,12920,1,,,2,30,,12921,1,,,2,70,,12922,1,,,2,30,,12923,1,,,2,70,,12924,1,,,2,30,,12904,1,,,2,70,,12905,1,,,2,30,,12906,1,,,2,70,,12907,1,,,2,30,,12908,1,,,2,70,,12909,1,,,2,30,,12910,1,,,2,70,,12911,1,,,2,30,,12912,1,,,2,70,,12913,1,,,2,30,,12915,1,,,2,70,,12916,1,,,2,30,,12917,1,,,2
14000885019,'dim',0,,12925,1,,,2,859,,12926,1,,,2,70,,12927,1,,,2,30,,12937,1,,,2,70,,12938,1,,,2,30,,12939,1,,,2,70,,12940,1,,,2,30,,12941,1,,,2,70,,12942,1,,,2,30,,12943,1,,,2,70,,12944,1,,,2,30,,12928,1,,,2,70,,12929,1,,,2,30,,12930,1,,,2,70,,12931,1,,,2,30,,12932,1,,,2,70,,12933,1,,,2,30,,12934,1,,,2,70,,12935,1,,,2,30,,12936,1,,,2
14000885019,'lun-ven',0,,12945,1,,,2,659,,12946,1,,,2,70,,12947,1,,,2,30,,12958,1,,,2,70,,12969,1,,,2,30,,12973,1,,,2,70,,12974,1,,,2,30,,12975,1,,,2,70,,12976,1,,,2,30,,12977,1,,,2,70,,12978,1,,,2,30,,12948,1,,,2,70,,12949,1,,,2,30,,12950,1,,,2,70,,12951,1,,,2,30,,12952,1,,,2,70,,12953,1,,,2,30,,12954,1,,,2,70,,12955,1,,,2,30,,12956,1,,,2,70,,12957,1,,,2,30,,12959,1,,,2,70,,12960,1,,,2,30,,12961,1,,,2,70,,12962,1,,,2,30,,12963,1,,,2,70,,12964,1,,,2,30,,12965,1,,,2,70,,12966,1,,,2,30,,12967,1,,,2,70,,12968,1,,,2,30,,12970,1,,,2,70,,12971,1,,,2,30,,12972,1,,,2
14000885019,'sam',0,,12979,1,,,2,759,,12980,1,,,2,70,,12981,1,,,2,30,,12992,1,,,2,70,,12994,1,,,2,30,,12995,1,,,2,70,,12996,1,,,2,30,,12997,1,,,2,70,,12998,1,,,2,30,,12999,1,,,2,70,,13000,1,,,2,30,,12982,1,,,2,70,,12983,1,,,2,30,,12984,1,,,2,70,,12985,1,,,2,30,,12986,1,,,2,70,,12987,1,,,2,30,,12988,1,,,2,70,,12989,1,,,2,30,,12990,1,,,2,70,,12991,1,,,2,30,,12993,1,,,2
