10000500019,'LN',8,,6496,2,4,,2,908,,6497,2,4,,2,30,,6498,2,4,,2,70,,6509,2,4,,2,30,,6518,2,4,,2,70,,6519,2,4,,2,30,,6520,2,4,,2,70,,6521,2,4,,2,30,,6522,2,4,,2,70,,6523,2,4,,2,30,,6524,2,4,,2,70,,6499,2,4,,2,30,,6500,2,4,,2,70,,6501,2,4,,2,30,,6502,2,4,,2,70,,6503,2,4,,2,30,,6504,2,4,,2,70,,6505,2,4,,2,30,,6506,2,4,,2,70,,6507,2,4,,2,30,,6508,2,4,,2,70,,6510,2,4,,2,30,,6511,2,4,,2,70,,6512,2,4,,2,30,,6513,2,4,,2,70,,6514,2,4,,2,30,,6515,2,4,,2,70,,6516,2,4,,2,30,,6517,2,4,,2
10000500019,'VNJA',8,,6773,2,4,,2,708,,6774,2,4,,2,30,,6775,2,4,,2,70,,6786,2,4,,2,30,,6789,2,4,,2,70,,6790,2,4,,2,30,,6791,2,4,,2,70,,6792,2,4,,2,30,,6793,2,4,,2,70,,6794,2,4,,2,30,,6795,2,4,,2,70,,6776,2,4,,2,30,,6777,2,4,,2,70,,6778,2,4,,2,30,,6779,2,4,,2,70,,6780,2,4,,2,30,,6781,2,4,,2,70,,6782,2,4,,2,30,,6783,2,4,,2,70,,6784,2,4,,2,30,,6785,2,4,,2,70,,6787,2,4,,2,30,,6788,2,4,,2
10000500019,'dim',8,,6998,2,4,,2,908,,6999,2,4,,2,30,,7000,2,4,,2,70,,7009,2,4,,2,30,,7010,2,4,,2,70,,7011,2,4,,2,30,,7012,2,4,,2,70,,7013,2,4,,2,30,,7014,2,4,,2,70,,7015,2,4,,2,30,,7016,2,4,,2,70,,7001,2,4,,2,30,,7002,2,4,,2,70,,7003,2,4,,2,30,,7004,2,4,,2,70,,7005,2,4,,2,30,,7006,2,4,,2,70,,7007,2,4,,2,30,,7008,2,4,,2
10000500019,'lun-ven',8,,7305,2,4,,2,708,,7306,2,4,,2,30,,7307,2,4,,2,70,,7318,2,4,,2,30,,7329,2,4,,2,70,,7332,2,4,,2,30,,7333,2,4,,2,70,,7334,2,4,,2,30,,7335,2,4,,2,70,,7336,2,4,,2,30,,7337,2,4,,2,70,,7308,2,4,,2,30,,7309,2,4,,2,70,,7310,2,4,,2,30,,7311,2,4,,2,70,,7312,2,4,,2,30,,7313,2,4,,2,70,,7314,2,4,,2,30,,7315,2,4,,2,70,,7316,2,4,,2,30,,7317,2,4,,2,70,,7319,2,4,,2,30,,7320,2,4,,2,70,,7321,2,4,,2,30,,7322,2,4,,2,70,,7323,2,4,,2,30,,7324,2,4,,2,70,,7325,2,4,,2,30,,7326,2,4,,2,70,,7327,2,4,,2,30,,7328,2,4,,2,70,,7330,2,4,,2,30,,7331,2,4,,2
10000500019,'sam',8,,7584,2,4,,2,808,,7585,2,4,,2,30,,7586,2,4,,2,70,,7597,2,4,,2,30,,7598,2,4,,2,70,,7599,2,4,,2,30,,7600,2,4,,2,70,,7601,2,4,,2,30,,7602,2,4,,2,70,,7603,2,4,,2,30,,7604,2,4,,2,70,,7587,2,4,,2,30,,7588,2,4,,2,70,,7589,2,4,,2,30,,7590,2,4,,2,70,,7591,2,4,,2,30,,7592,2,4,,2,70,,7593,2,4,,2,30,,7594,2,4,,2,70,,7595,2,4,,2,30,,7596,2,4,,2
10000540019,'LN',0,,8564,1,,,2,927,,8565,1,,,2,30,,8566,1,,,2,70,,8577,1,,,2,30,,8586,1,,,2,70,,8587,1,,,2,30,,8588,1,,,2,70,,8589,1,,,2,30,,8590,1,,,2,70,,8591,1,,,2,30,,8592,1,,,2,70,,8567,1,,,2,30,,8568,1,,,2,70,,8569,1,,,2,30,,8570,1,,,2,70,,8571,1,,,2,30,,8572,1,,,2,70,,8573,1,,,2,30,,8574,1,,,2,70,,8575,1,,,2,30,,8576,1,,,2,70,,8578,1,,,2,30,,8579,1,,,2,70,,8580,1,,,2,30,,8581,1,,,2,70,,8582,1,,,2,30,,8583,1,,,2,70,,8584,1,,,2,30,,8585,1,,,2
10000540019,'VNJA',0,,8593,1,,,2,657,,8594,1,,,2,70,,8595,1,,,2,30,,8606,1,,,2,70,,8610,1,,,2,30,,8611,1,,,2,70,,8612,1,,,2,30,,8613,1,,,2,70,,8614,1,,,2,30,,8615,1,,,2,70,,8616,1,,,2,30,,8596,1,,,2,70,,8597,1,,,2,30,,8598,1,,,2,70,,8599,1,,,2,30,,8600,1,,,2,70,,8601,1,,,2,30,,8602,1,,,2,70,,8603,1,,,2,30,,8604,1,,,2,70,,8605,1,,,2,30,,8607,1,,,2,70,,8608,1,,,2,30,,8609,1,,,2
10000540019,'dim',0,,8617,1,,,2,927,,8618,1,,,2,30,,8619,1,,,2,70,,8628,1,,,2,30,,8629,1,,,2,70,,8630,1,,,2,30,,8631,1,,,2,70,,8632,1,,,2,30,,8633,1,,,2,70,,8634,1,,,2,30,,8635,1,,,2,70,,8620,1,,,2,30,,8621,1,,,2,70,,8622,1,,,2,30,,8623,1,,,2,70,,8624,1,,,2,30,,8625,1,,,2,70,,8626,1,,,2,30,,8627,1,,,2
10000540019,'lun-ven',0,,8636,1,,,2,657,,8637,1,,,2,70,,8638,1,,,2,30,,8649,1,,,2,70,,8660,1,,,2,30,,8664,1,,,2,70,,8665,1,,,2,30,,8666,1,,,2,70,,8667,1,,,2,30,,8668,1,,,2,70,,8669,1,,,2,30,,8639,1,,,2,70,,8640,1,,,2,30,,8641,1,,,2,70,,8642,1,,,2,30,,8643,1,,,2,70,,8644,1,,,2,30,,8645,1,,,2,70,,8646,1,,,2,30,,8647,1,,,2,70,,8648,1,,,2,30,,8650,1,,,2,70,,8651,1,,,2,30,,8652,1,,,2,70,,8653,1,,,2,30,,8654,1,,,2,70,,8655,1,,,2,30,,8656,1,,,2,70,,8657,1,,,2,30,,8658,1,,,2,70,,8659,1,,,2,30,,8661,1,,,2,70,,8662,1,,,2,30,,8663,1,,,2
10000540019,'sam',0,,8670,1,,,2,757,,8671,1,,,2,70,,8672,1,,,2,30,,8683,1,,,2,70,,8685,1,,,2,30,,8686,1,,,2,70,,8687,1,,,2,30,,8688,1,,,2,70,,8689,1,,,2,30,,8690,1,,,2,70,,8691,1,,,2,30,,8673,1,,,2,70,,8674,1,,,2,30,,8675,1,,,2,70,,8676,1,,,2,30,,8677,1,,,2,70,,8678,1,,,2,30,,8679,1,,,2,70,,8680,1,,,2,30,,8681,1,,,2,70,,8682,1,,,2,30,,8684,1,,,2
