13000600019,'LN',4,,9134,2,4,,2,913,,9135,2,4,,2,30,,9136,2,4,,2,70,,9147,2,4,,2,30,,9156,2,4,,2,70,,9157,2,4,,2,30,,9158,2,4,,2,70,,9159,2,4,,2,30,,9160,2,4,,2,70,,9161,2,4,,2,30,,9162,2,4,,2,70,,9137,2,4,,2,30,,9138,2,4,,2,70,,9139,2,4,,2,30,,9140,2,4,,2,70,,9141,2,4,,2,30,,9142,2,4,,2,70,,9143,2,4,,2,30,,9144,2,4,,2,70,,9145,2,4,,2,30,,9146,2,4,,2,70,,9148,2,4,,2,30,,9149,2,4,,2,70,,9150,2,4,,2,30,,9151,2,4,,2,70,,9152,2,4,,2,30,,9153,2,4,,2,70,,9154,2,4,,2,30,,9155,2,4,,2
13000600019,'VNJA',4,,9209,2,4,,2,713,,9210,2,4,,2,30,,9211,2,4,,2,70,,9222,2,4,,2,30,,9225,2,4,,2,70,,9226,2,4,,2,30,,9227,2,4,,2,70,,9228,2,4,,2,30,,9229,2,4,,2,70,,9230,2,4,,2,30,,9231,2,4,,2,70,,9212,2,4,,2,30,,9213,2,4,,2,70,,9214,2,4,,2,30,,9215,2,4,,2,70,,9216,2,4,,2,30,,9217,2,4,,2,70,,9218,2,4,,2,30,,9219,2,4,,2,70,,9220,2,4,,2,30,,9221,2,4,,2,70,,9223,2,4,,2,30,,9224,2,4,,2
13000600019,'dim',4,,9270,2,4,,2,913,,9271,2,4,,2,30,,9272,2,4,,2,70,,9281,2,4,,2,30,,9282,2,4,,2,70,,9283,2,4,,2,30,,9284,2,4,,2,70,,9285,2,4,,2,30,,9286,2,4,,2,70,,9287,2,4,,2,30,,9288,2,4,,2,70,,9273,2,4,,2,30,,9274,2,4,,2,70,,9275,2,4,,2,30,,9276,2,4,,2,70,,9277,2,4,,2,30,,9278,2,4,,2,70,,9279,2,4,,2,30,,9280,2,4,,2
13000600019,'lun-ven',4,,9355,2,4,,2,713,,9356,2,4,,2,30,,9357,2,4,,2,70,,9368,2,4,,2,30,,9379,2,4,,2,70,,9382,2,4,,2,30,,9383,2,4,,2,70,,9384,2,4,,2,30,,9385,2,4,,2,70,,9386,2,4,,2,30,,9387,2,4,,2,70,,9358,2,4,,2,30,,9359,2,4,,2,70,,9360,2,4,,2,30,,9361,2,4,,2,70,,9362,2,4,,2,30,,9363,2,4,,2,70,,9364,2,4,,2,30,,9365,2,4,,2,70,,9366,2,4,,2,30,,9367,2,4,,2,70,,9369,2,4,,2,30,,9370,2,4,,2,70,,9371,2,4,,2,30,,9372,2,4,,2,70,,9373,2,4,,2,30,,9374,2,4,,2,70,,9375,2,4,,2,30,,9376,2,4,,2,70,,9377,2,4,,2,30,,9378,2,4,,2,70,,9380,2,4,,2,30,,9381,2,4,,2
13000600019,'sam',4,,9430,2,4,,2,813,,9431,2,4,,2,30,,9432,2,4,,2,70,,9443,2,4,,2,30,,9444,2,4,,2,70,,9445,2,4,,2,30,,9446,2,4,,2,70,,9447,2,4,,2,30,,9448,2,4,,2,70,,9449,2,4,,2,30,,9450,2,4,,2,70,,9433,2,4,,2,30,,9434,2,4,,2,70,,9435,2,4,,2,30,,9436,2,4,,2,70,,9437,2,4,,2,30,,9438,2,4,,2,70,,9439,2,4,,2,30,,9440,2,4,,2,70,,9441,2,4,,2,30,,9442,2,4,,2
13000680019,'LN',0,,9701,1,,,2,906,,9702,1,,,2,30,,9703,1,,,2,70,,9714,1,,,2,30,,9723,1,,,2,70,,9724,1,,,2,30,,9725,1,,,2,70,,9726,1,,,2,30,,9727,1,,,2,70,,9728,1,,,2,30,,9729,1,,,2,70,,9704,1,,,2,30,,9705,1,,,2,70,,9706,1,,,2,30,,9707,1,,,2,70,,9708,1,,,2,30,,9709,1,,,2,70,,9710,1,,,2,30,,9711,1,,,2,70,,9712,1,,,2,30,,9713,1,,,2,70,,9715,1,,,2,30,,9716,1,,,2,70,,9717,1,,,2,30,,9718,1,,,2,70,,9719,1,,,2,30,,9720,1,,,2,70,,9721,1,,,2,30,,9722,1,,,2
13000680019,'VNJA',0,,9730,1,,,2,706,,9731,1,,,2,30,,9732,1,,,2,70,,9743,1,,,2,30,,9746,1,,,2,70,,9747,1,,,2,30,,9748,1,,,2,70,,9749,1,,,2,30,,9750,1,,,2,70,,9751,1,,,2,30,,9752,1,,,2,70,,9733,1,,,2,30,,9734,1,,,2,70,,9735,1,,,2,30,,9736,1,,,2,70,,9737,1,,,2,30,,9738,1,,,2,70,,9739,1,,,2,30,,9740,1,,,2,70,,9741,1,,,2,30,,9742,1,,,2,70,,9744,1,,,2,30,,9745,1,,,2
13000680019,'dim',0,,9753,1,,,2,906,,9754,1,,,2,30,,9755,1,,,2,70,,9764,1,,,2,30,,9765,1,,,2,70,,9766,1,,,2,30,,9767,1,,,2,70,,9768,1,,,2,30,,9769,1,,,2,70,,9770,1,,,2,30,,9771,1,,,2,70,,9756,1,,,2,30,,9757,1,,,2,70,,9758,1,,,2,30,,9759,1,,,2,70,,9760,1,,,2,30,,9761,1,,,2,70,,9762,1,,,2,30,,9763,1,,,2
13000680019,'lun-ven',0,,9772,1,,,2,706,,9773,1,,,2,30,,9774,1,,,2,70,,9785,1,,,2,30,,9796,1,,,2,70,,9799,1,,,2,30,,9800,1,,,2,70,,9801,1,,,2,30,,9802,1,,,2,70,,9803,1,,,2,30,,9804,1,,,2,70,,9775,1,,,2,30,,9776,1,,,2,70,,9777,1,,,2,30,,9778,1,,,2,70,,9779,1,,,2,30,,9780,1,,,2,70,,9781,1,,,2,30,,9782,1,,,2,70,,9783,1,,,2,30,,9784,1,,,2,70,,9786,1,,,2,30,,9787,1,,,2,70,,9788,1,,,2,30,,9789,1,,,2,70,,9790,1,,,2,30,,9791,1,,,2,70,,9792,1,,,2,30,,9793,1,,,2,70,,9794,1,,,2,30,,9795,1,,,2,70,,9797,1,,,2,30,,9798,1,,,2
13000680019,'sam',0,,9805,1,,,2,806,,9806,1,,,2,30,,9807,1,,,2,70,,9818,1,,,2,30,,9819,1,,,2,70,,9820,1,,,2,30,,9821,1,,,2,70,,9822,1,,,2,30,,9823,1,,,2,70,,9824,1,,,2,30,,9825,1,,,2,70,,9808,1,,,2,30,,9809,1,,,2,70,,9810,1,,,2,30,,9811,1,,,2,70,,9812,1,,,2,30,,9813,1,,,2,70,,9814,1,,,2,30,,9815,1,,,2,70,,9816,1,,,2,30,,9817,1,,,2
