319600019,'LN',15,,1193,2,4,,2,913,,1194,2,4,,2,30,,1195,2,4,,2,70,,1206,2,4,,2,30,,1215,2,4,,2,70,,1216,2,4,,2,30,,1217,2,4,,2,70,,1218,2,4,,2,30,,1219,2,4,,2,70,,1220,2,4,,2,30,,1221,2,4,,2,70,,1196,2,4,,2,30,,1197,2,4,,2,70,,1198,2,4,,2,30,,1199,2,4,,2,70,,1200,2,4,,2,30,,1201,2,4,,2,70,,1202,2,4,,2,30,,1203,2,4,,2,70,,1204,2,4,,2,30,,1205,2,4,,2,70,,1207,2,4,,2,30,,1208,2,4,,2,70,,1209,2,4,,2,30,,1210,2,4,,2,70,,1211,2,4,,2,30,,1212,2,4,,2,70,,1213,2,4,,2,30,,1214,2,4,,2
319600019,'VNJA',15,,1280,2,4,,2,713,,1281,2,4,,2,30,,1282,2,4,,2,70,,1293,2,4,,2,30,,1296,2,4,,2,70,,1297,2,4,,2,30,,1298,2,4,,2,70,,1299,2,4,,2,30,,1300,2,4,,2,70,,1301,2,4,,2,30,,1302,2,4,,2,70,,1283,2,4,,2,30,,1284,2,4,,2,70,,1285,2,4,,2,30,,1286,2,4,,2,70,,1287,2,4,,2,30,,1288,2,4,,2,70,,1289,2,4,,2,30,,1290,2,4,,2,70,,1291,2,4,,2,30,,1292,2,4,,2,70,,1294,2,4,,2,30,,1295,2,4,,2
319600019,'dim',15,,1349,2,4,,2,913,,1350,2,4,,2,30,,1351,2,4,,2,70,,1360,2,4,,2,30,,1361,2,4,,2,70,,1362,2,4,,2,30,,1363,2,4,,2,70,,1364,2,4,,2,30,,1365,2,4,,2,70,,1366,2,4,,2,30,,1367,2,4,,2,70,,1352,2,4,,2,30,,1353,2,4,,2,70,,1354,2,4,,2,30,,1355,2,4,,2,70,,1356,2,4,,2,30,,1357,2,4,,2,70,,1358,2,4,,2,30,,1359,2,4,,2
319600019,'lun-ven',15,,1406,2,4,,2,713,,1407,2,4,,2,30,,1408,2,4,,2,70,,1419,2,4,,2,30,,1430,2,4,,2,70,,1433,2,4,,2,30,,1434,2,4,,2,70,,1435,2,4,,2,30,,1436,2,4,,2,70,,1437,2,4,,2,30,,1438,2,4,,2,70,,1409,2,4,,2,30,,1410,2,4,,2,70,,1411,2,4,,2,30,,1412,2,4,,2,70,,1413,2,4,,2,30,,1414,2,4,,2,70,,1415,2,4,,2,30,,1416,2,4,,2,70,,1417,2,4,,2,30,,1418,2,4,,2,70,,1420,2,4,,2,30,,1421,2,4,,2,70,,1422,2,4,,2,30,,1423,2,4,,2,70,,1424,2,4,,2,30,,1425,2,4,,2,70,,1426,2,4,,2,30,,1427,2,4,,2,70,,1428,2,4,,2,30,,1429,2,4,,2,70,,1431,2,4,,2,30,,1432,2,4,,2
319600019,'sam',15,,1505,2,4,,2,813,,1506,2,4,,2,30,,1507,2,4,,2,70,,1518,2,4,,2,30,,1519,2,4,,2,70,,1520,2,4,,2,30,,1521,2,4,,2,70,,1522,2,4,,2,30,,1523,2,4,,2,70,,1524,2,4,,2,30,,1525,2,4,,2,70,,1508,2,4,,2,30,,1509,2,4,,2,70,,1510,2,4,,2,30,,1511,2,4,,2,70,,1512,2,4,,2,30,,1513,2,4,,2,70,,1514,2,4,,2,30,,1515,2,4,,2,70,,1516,2,4,,2,30,,1517,2,4,,2
319605019,'LN',0,,1568,1,,,2,855,,1569,1,,,2,70,,1570,1,,,2,30,,1581,1,,,2,70,,1591,1,,,2,30,,1592,1,,,2,70,,1593,1,,,2,30,,1594,1,,,2,70,,1595,1,,,2,30,,1596,1,,,2,70,,1597,1,,,2,30,,1571,1,,,2,70,,1572,1,,,2,30,,1573,1,,,2,70,,1574,1,,,2,30,,1575,1,,,2,70,,1576,1,,,2,30,,1577,1,,,2,70,,1578,1,,,2,30,,1579,1,,,2,70,,1580,1,,,2,30,,1582,1,,,2,70,,1583,1,,,2,30,,1584,1,,,2,70,,1585,1,,,2,30,,1586,1,,,2,70,,1587,1,,,2,30,,1588,1,,,2,70,,1589,1,,,2,30,,1590,1,,,2
319605019,'VNJA',0,,1598,1,,,2,655,,1599,1,,,2,70,,1600,1,,,2,30,,1611,1,,,2,70,,1615,1,,,2,30,,1616,1,,,2,70,,1617,1,,,2,30,,1618,1,,,2,70,,1619,1,,,2,30,,1620,1,,,2,70,,1621,1,,,2,30,,1601,1,,,2,70,,1602,1,,,2,30,,1603,1,,,2,70,,1604,1,,,2,30,,1605,1,,,2,70,,1606,1,,,2,30,,1607,1,,,2,70,,1608,1,,,2,30,,1609,1,,,2,70,,1610,1,,,2,30,,1612,1,,,2,70,,1613,1,,,2,30,,1614,1,,,2
319605019,'dim',0,,1622,1,,,2,855,,1623,1,,,2,70,,1624,1,,,2,30,,1634,1,,,2,70,,1635,1,,,2,30,,1636,1,,,2,70,,1637,1,,,2,30,,1638,1,,,2,70,,1639,1,,,2,30,,1640,1,,,2,70,,1641,1,,,2,30,,1625,1,,,2,70,,1626,1,,,2,30,,1627,1,,,2,70,,1628,1,,,2,30,,1629,1,,,2,70,,1630,1,,,2,30,,1631,1,,,2,70,,1632,1,,,2,30,,1633,1,,,2
319605019,'lun-ven',0,,1642,1,,,2,655,,1643,1,,,2,70,,1644,1,,,2,30,,1655,1,,,2,70,,1666,1,,,2,30,,1670,1,,,2,70,,1671,1,,,2,30,,1672,1,,,2,70,,1673,1,,,2,30,,1674,1,,,2,70,,1675,1,,,2,30,,1645,1,,,2,70,,1646,1,,,2,30,,1647,1,,,2,70,,1648,1,,,2,30,,1649,1,,,2,70,,1650,1,,,2,30,,1651,1,,,2,70,,1652,1,,,2,30,,1653,1,,,2,70,,1654,1,,,2,30,,1656,1,,,2,70,,1657,1,,,2,30,,1658,1,,,2,70,,1659,1,,,2,30,,1660,1,,,2,70,,1661,1,,,2,30,,1662,1,,,2,70,,1663,1,,,2,30,,1664,1,,,2,70,,1665,1,,,2,30,,1667,1,,,2,70,,1668,1,,,2,30,,1669,1,,,2
319605019,'sam',0,,1676,1,,,2,755,,1677,1,,,2,70,,1678,1,,,2,30,,1689,1,,,2,70,,1691,1,,,2,30,,1692,1,,,2,70,,1693,1,,,2,30,,1694,1,,,2,70,,1695,1,,,2,30,,1696,1,,,2,70,,1697,1,,,2,30,,1679,1,,,2,70,,1680,1,,,2,30,,1681,1,,,2,70,,1682,1,,,2,30,,1683,1,,,2,70,,1684,1,,,2,30,,1685,1,,,2,70,,1686,1,,,2,30,,1687,1,,,2,70,,1688,1,,,2,30,,1690,1,,,2
