4019,'LN',7,,363,15,,,2,900,,364,15,,,2,30,,365,15,,,2,70,,376,15,,,2,30,,386,15,,,2,70,,387,15,,,2,30,,388,15,,,2,70,,389,15,,,2,30,,390,15,,,2,70,,391,15,,,2,30,,392,15,,,2,70,,366,15,,,2,30,,367,15,,,2,70,,368,15,,,2,30,,369,15,,,2,70,,370,15,,,2,30,,371,15,,,2,70,,372,15,,,2,30,,373,15,,,2,70,,374,15,,,2,30,,375,15,,,2,70,,377,15,,,2,30,,378,15,,,2,70,,379,15,,,2,30,,380,15,,,2,70,,381,15,,,2,30,,382,15,,,2,70,,383,15,,,2,30,,384,15,,,2,70,,385,15,,,2
4019,'VNJA',7,,393,15,,,2,700,,394,15,,,2,30,,395,15,,,2,70,,406,15,,,2,30,,410,15,,,2,70,,411,15,,,2,30,,412,15,,,2,70,,413,15,,,2,30,,414,15,,,2,70,,415,15,,,2,30,,416,15,,,2,70,,396,15,,,2,30,,397,15,,,2,70,,398,15,,,2,30,,399,15,,,2,70,,400,15,,,2,30,,401,15,,,2,70,,402,15,,,2,30,,403,15,,,2,70,,404,15,,,2,30,,405,15,,,2,70,,407,15,,,2,30,,408,15,,,2,70,,409,15,,,2
4019,'lun-ven',7,,417,15,,,2,700,,418,15,,,2,30,,419,15,,,2,70,,430,15,,,2,30,,441,15,,,2,70,,445,15,,,2,30,,446,15,,,2,70,,447,15,,,2,30,,448,15,,,2,70,,449,15,,,2,30,,450,15,,,2,70,,420,15,,,2,30,,421,15,,,2,70,,422,15,,,2,30,,423,15,,,2,70,,424,15,,,2,30,,425,15,,,2,70,,426,15,,,2,30,,427,15,,,2,70,,428,15,,,2,30,,429,15,,,2,70,,431,15,,,2,30,,432,15,,,2,70,,433,15,,,2,30,,434,15,,,2,70,,435,15,,,2,30,,436,15,,,2,70,,437,15,,,2,30,,438,15,,,2,70,,439,15,,,2,30,,440,15,,,2,70,,442,15,,,2,30,,443,15,,,2,70,,444,15,,,2
4019,'sam',7,,451,15,,,2,800,,452,15,,,2,30,,453,15,,,2,70,,464,15,,,2,30,,466,15,,,2,70,,467,15,,,2,30,,468,15,,,2,70,,469,15,,,2,30,,470,15,,,2,70,,471,15,,,2,30,,472,15,,,2,70,,454,15,,,2,30,,455,15,,,2,70,,456,15,,,2,30,,457,15,,,2,70,,458,15,,,2,30,,459,15,,,2,70,,460,15,,,2,30,,461,15,,,2,70,,462,15,,,2,30,,463,15,,,2,70,,465,15,,,2
40004019,'dim',7,,660,15,,,2,930,,661,15,,,2,100,,662,15,,,2,100,,663,15,,,2,100,,664,15,,,2,100,,665,15,,,2,100,,666,15,,,2,100,,667,15,,,2,100,,668,15,,,2,100,,669,15,,,2
10000500019,'LN',0,,6583,1,,,2,908,,6584,1,,,2,30,,6585,1,,,2,70,,6596,1,,,2,30,,6605,1,,,2,70,,6606,1,,,2,30,,6607,1,,,2,70,,6608,1,,,2,30,,6609,1,,,2,70,,6610,1,,,2,30,,6611,1,,,2,70,,6586,1,,,2,30,,6587,1,,,2,70,,6588,1,,,2,30,,6589,1,,,2,70,,6590,1,,,2,30,,6591,1,,,2,70,,6592,1,,,2,30,,6593,1,,,2,70,,6594,1,,,2,30,,6595,1,,,2,70,,6597,1,,,2,30,,6598,1,,,2,70,,6599,1,,,2,30,,6600,1,,,2,70,,6601,1,,,2,30,,6602,1,,,2,70,,6603,1,,,2,30,,6604,1,,,2
10000500019,'VNJA',0,,6842,1,,,2,708,,6843,1,,,2,30,,6844,1,,,2,70,,6855,1,,,2,30,,6858,1,,,2,70,,6859,1,,,2,30,,6860,1,,,2,70,,6861,1,,,2,30,,6862,1,,,2,70,,6863,1,,,2,30,,6864,1,,,2,70,,6845,1,,,2,30,,6846,1,,,2,70,,6847,1,,,2,30,,6848,1,,,2,70,,6849,1,,,2,30,,6850,1,,,2,70,,6851,1,,,2,30,,6852,1,,,2,70,,6853,1,,,2,30,,6854,1,,,2,70,,6856,1,,,2,30,,6857,1,,,2
10000500019,'dim',0,,7055,1,,,2,908,,7056,1,,,2,30,,7057,1,,,2,70,,7066,1,,,2,30,,7067,1,,,2,70,,7068,1,,,2,30,,7069,1,,,2,70,,7070,1,,,2,30,,7071,1,,,2,70,,7072,1,,,2,30,,7073,1,,,2,70,,7058,1,,,2,30,,7059,1,,,2,70,,7060,1,,,2,30,,7061,1,,,2,70,,7062,1,,,2,30,,7063,1,,,2,70,,7064,1,,,2,30,,7065,1,,,2
10000500019,'lun-ven',0,,7404,1,,,2,708,,7405,1,,,2,30,,7406,1,,,2,70,,7417,1,,,2,30,,7428,1,,,2,70,,7431,1,,,2,30,,7432,1,,,2,70,,7433,1,,,2,30,,7434,1,,,2,70,,7435,1,,,2,30,,7436,1,,,2,70,,7407,1,,,2,30,,7408,1,,,2,70,,7409,1,,,2,30,,7410,1,,,2,70,,7411,1,,,2,30,,7412,1,,,2,70,,7413,1,,,2,30,,7414,1,,,2,70,,7415,1,,,2,30,,7416,1,,,2,70,,7418,1,,,2,30,,7419,1,,,2,70,,7420,1,,,2,30,,7421,1,,,2,70,,7422,1,,,2,30,,7423,1,,,2,70,,7424,1,,,2,30,,7425,1,,,2,70,,7426,1,,,2,30,,7427,1,,,2,70,,7429,1,,,2,30,,7430,1,,,2
10000500019,'sam',0,,7647,1,,,2,808,,7648,1,,,2,30,,7649,1,,,2,70,,7660,1,,,2,30,,7661,1,,,2,70,,7662,1,,,2,30,,7663,1,,,2,70,,7664,1,,,2,30,,7665,1,,,2,70,,7666,1,,,2,30,,7667,1,,,2,70,,7650,1,,,2,30,,7651,1,,,2,70,,7652,1,,,2,30,,7653,1,,,2,70,,7654,1,,,2,30,,7655,1,,,2,70,,7656,1,,,2,30,,7657,1,,,2,70,,7658,1,,,2,30,,7659,1,,,2
10000505019,'LN',15,,7668,2,4,,2,919,,7669,2,4,,2,70,,7670,2,4,,2,30,,7681,2,4,,2,70,,7690,2,4,,2,30,,7691,2,4,,2,70,,7692,2,4,,2,30,,7693,2,4,,2,70,,7694,2,4,,2,30,,7695,2,4,,2,70,,7696,2,4,,2,30,,7671,2,4,,2,70,,7672,2,4,,2,30,,7673,2,4,,2,70,,7674,2,4,,2,30,,7675,2,4,,2,70,,7676,2,4,,2,30,,7677,2,4,,2,70,,7678,2,4,,2,30,,7679,2,4,,2,70,,7680,2,4,,2,30,,7682,2,4,,2,70,,7683,2,4,,2,30,,7684,2,4,,2,70,,7685,2,4,,2,30,,7686,2,4,,2,70,,7687,2,4,,2,30,,7688,2,4,,2,70,,7689,2,4,,2
10000505019,'VNJA',15,,7697,2,4,,2,689,,7698,2,4,,2,30,,7699,2,4,,2,70,,7710,2,4,,2,30,,7714,2,4,,2,70,,7715,2,4,,2,30,,7716,2,4,,2,70,,7717,2,4,,2,30,,7718,2,4,,2,70,,7719,2,4,,2,30,,7720,2,4,,2,70,,7700,2,4,,2,30,,7701,2,4,,2,70,,7702,2,4,,2,30,,7703,2,4,,2,70,,7704,2,4,,2,30,,7705,2,4,,2,70,,7706,2,4,,2,30,,7707,2,4,,2,70,,7708,2,4,,2,30,,7709,2,4,,2,70,,7711,2,4,,2,30,,7712,2,4,,2,70,,7713,2,4,,2
10000505019,'dim',15,,7721,2,4,,2,919,,7722,2,4,,2,70,,7723,2,4,,2,30,,7732,2,4,,2,70,,7733,2,4,,2,30,,7734,2,4,,2,70,,7735,2,4,,2,30,,7736,2,4,,2,70,,7737,2,4,,2,30,,7738,2,4,,2,70,,7739,2,4,,2,30,,7724,2,4,,2,70,,7725,2,4,,2,30,,7726,2,4,,2,70,,7727,2,4,,2,30,,7728,2,4,,2,70,,7729,2,4,,2,30,,7730,2,4,,2,70,,7731,2,4,,2
10000505019,'lun-ven',15,,7740,2,4,,2,689,,7741,2,4,,2,30,,7742,2,4,,2,70,,7753,2,4,,2,30,,7764,2,4,,2,70,,7768,2,4,,2,30,,7769,2,4,,2,70,,7770,2,4,,2,30,,7771,2,4,,2,70,,7772,2,4,,2,30,,7773,2,4,,2,70,,7743,2,4,,2,30,,7744,2,4,,2,70,,7745,2,4,,2,30,,7746,2,4,,2,70,,7747,2,4,,2,30,,7748,2,4,,2,70,,7749,2,4,,2,30,,7750,2,4,,2,70,,7751,2,4,,2,30,,7752,2,4,,2,70,,7754,2,4,,2,30,,7755,2,4,,2,70,,7756,2,4,,2,30,,7757,2,4,,2,70,,7758,2,4,,2,30,,7759,2,4,,2,70,,7760,2,4,,2,30,,7761,2,4,,2,70,,7762,2,4,,2,30,,7763,2,4,,2,70,,7765,2,4,,2,30,,7766,2,4,,2,70,,7767,2,4,,2
10000505019,'sam',15,,7774,2,4,,2,789,,7775,2,4,,2,30,,7776,2,4,,2,70,,7787,2,4,,2,30,,7789,2,4,,2,70,,7790,2,4,,2,30,,7791,2,4,,2,70,,7792,2,4,,2,30,,7793,2,4,,2,70,,7794,2,4,,2,30,,7795,2,4,,2,70,,7777,2,4,,2,30,,7778,2,4,,2,70,,7779,2,4,,2,30,,7780,2,4,,2,70,,7781,2,4,,2,30,,7782,2,4,,2,70,,7783,2,4,,2,30,,7784,2,4,,2,70,,7785,2,4,,2,30,,7786,2,4,,2,70,,7788,2,4,,2
10000510019,'LN',15,,7796,2,4,,2,920,,7797,2,4,,2,70,,7798,2,4,,2,30,,7809,2,4,,2,70,,7818,2,4,,2,30,,7819,2,4,,2,70,,7820,2,4,,2,30,,7821,2,4,,2,70,,7822,2,4,,2,30,,7823,2,4,,2,70,,7824,2,4,,2,30,,7799,2,4,,2,70,,7800,2,4,,2,30,,7801,2,4,,2,70,,7802,2,4,,2,30,,7803,2,4,,2,70,,7804,2,4,,2,30,,7805,2,4,,2,70,,7806,2,4,,2,30,,7807,2,4,,2,70,,7808,2,4,,2,30,,7810,2,4,,2,70,,7811,2,4,,2,30,,7812,2,4,,2,70,,7813,2,4,,2,30,,7814,2,4,,2,70,,7815,2,4,,2,30,,7816,2,4,,2,70,,7817,2,4,,2
10000510019,'VNJA',15,,7825,2,4,,2,690,,7826,2,4,,2,30,,7827,2,4,,2,70,,7838,2,4,,2,30,,7842,2,4,,2,70,,7843,2,4,,2,30,,7844,2,4,,2,70,,7845,2,4,,2,30,,7846,2,4,,2,70,,7847,2,4,,2,30,,7848,2,4,,2,70,,7828,2,4,,2,30,,7829,2,4,,2,70,,7830,2,4,,2,30,,7831,2,4,,2,70,,7832,2,4,,2,30,,7833,2,4,,2,70,,7834,2,4,,2,30,,7835,2,4,,2,70,,7836,2,4,,2,30,,7837,2,4,,2,70,,7839,2,4,,2,30,,7840,2,4,,2,70,,7841,2,4,,2
10000510019,'dim',15,,7849,2,4,,2,920,,7850,2,4,,2,70,,7851,2,4,,2,30,,7860,2,4,,2,70,,7861,2,4,,2,30,,7862,2,4,,2,70,,7863,2,4,,2,30,,7864,2,4,,2,70,,7865,2,4,,2,30,,7866,2,4,,2,70,,7867,2,4,,2,30,,7852,2,4,,2,70,,7853,2,4,,2,30,,7854,2,4,,2,70,,7855,2,4,,2,30,,7856,2,4,,2,70,,7857,2,4,,2,30,,7858,2,4,,2,70,,7859,2,4,,2
10000510019,'lun-ven',15,,7868,2,4,,2,690,,7869,2,4,,2,30,,7870,2,4,,2,70,,7881,2,4,,2,30,,7892,2,4,,2,70,,7896,2,4,,2,30,,7897,2,4,,2,70,,7898,2,4,,2,30,,7899,2,4,,2,70,,7900,2,4,,2,30,,7901,2,4,,2,70,,7871,2,4,,2,30,,7872,2,4,,2,70,,7873,2,4,,2,30,,7874,2,4,,2,70,,7875,2,4,,2,30,,7876,2,4,,2,70,,7877,2,4,,2,30,,7878,2,4,,2,70,,7879,2,4,,2,30,,7880,2,4,,2,70,,7882,2,4,,2,30,,7883,2,4,,2,70,,7884,2,4,,2,30,,7885,2,4,,2,70,,7886,2,4,,2,30,,7887,2,4,,2,70,,7888,2,4,,2,30,,7889,2,4,,2,70,,7890,2,4,,2,30,,7891,2,4,,2,70,,7893,2,4,,2,30,,7894,2,4,,2,70,,7895,2,4,,2
10000510019,'sam',15,,7902,2,4,,2,790,,7903,2,4,,2,30,,7904,2,4,,2,70,,7915,2,4,,2,30,,7917,2,4,,2,70,,7918,2,4,,2,30,,7919,2,4,,2,70,,7920,2,4,,2,30,,7921,2,4,,2,70,,7922,2,4,,2,30,,7923,2,4,,2,70,,7905,2,4,,2,30,,7906,2,4,,2,70,,7907,2,4,,2,30,,7908,2,4,,2,70,,7909,2,4,,2,30,,7910,2,4,,2,70,,7911,2,4,,2,30,,7912,2,4,,2,70,,7913,2,4,,2,30,,7914,2,4,,2,70,,7916,2,4,,2
10000515019,'LN',14,,7924,2,4,,2,921,,7925,2,4,,2,70,,7926,2,4,,2,30,,7937,2,4,,2,70,,7946,2,4,,2,30,,7947,2,4,,2,70,,7948,2,4,,2,30,,7949,2,4,,2,70,,7950,2,4,,2,30,,7951,2,4,,2,70,,7952,2,4,,2,30,,7927,2,4,,2,70,,7928,2,4,,2,30,,7929,2,4,,2,70,,7930,2,4,,2,30,,7931,2,4,,2,70,,7932,2,4,,2,30,,7933,2,4,,2,70,,7934,2,4,,2,30,,7935,2,4,,2,70,,7936,2,4,,2,30,,7938,2,4,,2,70,,7939,2,4,,2,30,,7940,2,4,,2,70,,7941,2,4,,2,30,,7942,2,4,,2,70,,7943,2,4,,2,30,,7944,2,4,,2,70,,7945,2,4,,2
10000515019,'VNJA',14,,7953,2,4,,2,691,,7954,2,4,,2,30,,7955,2,4,,2,70,,7966,2,4,,2,30,,7970,2,4,,2,70,,7971,2,4,,2,30,,7972,2,4,,2,70,,7973,2,4,,2,30,,7974,2,4,,2,70,,7975,2,4,,2,30,,7976,2,4,,2,70,,7956,2,4,,2,30,,7957,2,4,,2,70,,7958,2,4,,2,30,,7959,2,4,,2,70,,7960,2,4,,2,30,,7961,2,4,,2,70,,7962,2,4,,2,30,,7963,2,4,,2,70,,7964,2,4,,2,30,,7965,2,4,,2,70,,7967,2,4,,2,30,,7968,2,4,,2,70,,7969,2,4,,2
10000515019,'dim',14,,7977,2,4,,2,921,,7978,2,4,,2,70,,7979,2,4,,2,30,,7988,2,4,,2,70,,7989,2,4,,2,30,,7990,2,4,,2,70,,7991,2,4,,2,30,,7992,2,4,,2,70,,7993,2,4,,2,30,,7994,2,4,,2,70,,7995,2,4,,2,30,,7980,2,4,,2,70,,7981,2,4,,2,30,,7982,2,4,,2,70,,7983,2,4,,2,30,,7984,2,4,,2,70,,7985,2,4,,2,30,,7986,2,4,,2,70,,7987,2,4,,2
10000515019,'lun-ven',14,,7996,2,4,,2,691,,7997,2,4,,2,30,,7998,2,4,,2,70,,8009,2,4,,2,30,,8020,2,4,,2,70,,8024,2,4,,2,30,,8025,2,4,,2,70,,8026,2,4,,2,30,,8027,2,4,,2,70,,8028,2,4,,2,30,,8029,2,4,,2,70,,7999,2,4,,2,30,,8000,2,4,,2,70,,8001,2,4,,2,30,,8002,2,4,,2,70,,8003,2,4,,2,30,,8004,2,4,,2,70,,8005,2,4,,2,30,,8006,2,4,,2,70,,8007,2,4,,2,30,,8008,2,4,,2,70,,8010,2,4,,2,30,,8011,2,4,,2,70,,8012,2,4,,2,30,,8013,2,4,,2,70,,8014,2,4,,2,30,,8015,2,4,,2,70,,8016,2,4,,2,30,,8017,2,4,,2,70,,8018,2,4,,2,30,,8019,2,4,,2,70,,8021,2,4,,2,30,,8022,2,4,,2,70,,8023,2,4,,2
10000515019,'sam',14,,8030,2,4,,2,791,,8031,2,4,,2,30,,8032,2,4,,2,70,,8043,2,4,,2,30,,8045,2,4,,2,70,,8046,2,4,,2,30,,8047,2,4,,2,70,,8048,2,4,,2,30,,8049,2,4,,2,70,,8050,2,4,,2,30,,8051,2,4,,2,70,,8033,2,4,,2,30,,8034,2,4,,2,70,,8035,2,4,,2,30,,8036,2,4,,2,70,,8037,2,4,,2,30,,8038,2,4,,2,70,,8039,2,4,,2,30,,8040,2,4,,2,70,,8041,2,4,,2,30,,8042,2,4,,2,70,,8044,2,4,,2
10000520019,'LN',13,,8052,2,4,,2,922,,8053,2,4,,2,70,,8054,2,4,,2,30,,8065,2,4,,2,70,,8074,2,4,,2,30,,8075,2,4,,2,70,,8076,2,4,,2,30,,8077,2,4,,2,70,,8078,2,4,,2,30,,8079,2,4,,2,70,,8080,2,4,,2,30,,8055,2,4,,2,70,,8056,2,4,,2,30,,8057,2,4,,2,70,,8058,2,4,,2,30,,8059,2,4,,2,70,,8060,2,4,,2,30,,8061,2,4,,2,70,,8062,2,4,,2,30,,8063,2,4,,2,70,,8064,2,4,,2,30,,8066,2,4,,2,70,,8067,2,4,,2,30,,8068,2,4,,2,70,,8069,2,4,,2,30,,8070,2,4,,2,70,,8071,2,4,,2,30,,8072,2,4,,2,70,,8073,2,4,,2
10000520019,'VNJA',13,,8081,2,4,,2,692,,8082,2,4,,2,30,,8083,2,4,,2,70,,8094,2,4,,2,30,,8098,2,4,,2,70,,8099,2,4,,2,30,,8100,2,4,,2,70,,8101,2,4,,2,30,,8102,2,4,,2,70,,8103,2,4,,2,30,,8104,2,4,,2,70,,8084,2,4,,2,30,,8085,2,4,,2,70,,8086,2,4,,2,30,,8087,2,4,,2,70,,8088,2,4,,2,30,,8089,2,4,,2,70,,8090,2,4,,2,30,,8091,2,4,,2,70,,8092,2,4,,2,30,,8093,2,4,,2,70,,8095,2,4,,2,30,,8096,2,4,,2,70,,8097,2,4,,2
10000520019,'dim',13,,8105,2,4,,2,922,,8106,2,4,,2,70,,8107,2,4,,2,30,,8116,2,4,,2,70,,8117,2,4,,2,30,,8118,2,4,,2,70,,8119,2,4,,2,30,,8120,2,4,,2,70,,8121,2,4,,2,30,,8122,2,4,,2,70,,8123,2,4,,2,30,,8108,2,4,,2,70,,8109,2,4,,2,30,,8110,2,4,,2,70,,8111,2,4,,2,30,,8112,2,4,,2,70,,8113,2,4,,2,30,,8114,2,4,,2,70,,8115,2,4,,2
10000520019,'lun-ven',13,,8124,2,4,,2,692,,8125,2,4,,2,30,,8126,2,4,,2,70,,8137,2,4,,2,30,,8148,2,4,,2,70,,8152,2,4,,2,30,,8153,2,4,,2,70,,8154,2,4,,2,30,,8155,2,4,,2,70,,8156,2,4,,2,30,,8157,2,4,,2,70,,8127,2,4,,2,30,,8128,2,4,,2,70,,8129,2,4,,2,30,,8130,2,4,,2,70,,8131,2,4,,2,30,,8132,2,4,,2,70,,8133,2,4,,2,30,,8134,2,4,,2,70,,8135,2,4,,2,30,,8136,2,4,,2,70,,8138,2,4,,2,30,,8139,2,4,,2,70,,8140,2,4,,2,30,,8141,2,4,,2,70,,8142,2,4,,2,30,,8143,2,4,,2,70,,8144,2,4,,2,30,,8145,2,4,,2,70,,8146,2,4,,2,30,,8147,2,4,,2,70,,8149,2,4,,2,30,,8150,2,4,,2,70,,8151,2,4,,2
10000520019,'sam',13,,8158,2,4,,2,792,,8159,2,4,,2,30,,8160,2,4,,2,70,,8171,2,4,,2,30,,8173,2,4,,2,70,,8174,2,4,,2,30,,8175,2,4,,2,70,,8176,2,4,,2,30,,8177,2,4,,2,70,,8178,2,4,,2,30,,8179,2,4,,2,70,,8161,2,4,,2,30,,8162,2,4,,2,70,,8163,2,4,,2,30,,8164,2,4,,2,70,,8165,2,4,,2,30,,8166,2,4,,2,70,,8167,2,4,,2,30,,8168,2,4,,2,70,,8169,2,4,,2,30,,8170,2,4,,2,70,,8172,2,4,,2
10000525019,'LN',12,,8180,2,4,,2,923,,8181,2,4,,2,70,,8182,2,4,,2,30,,8193,2,4,,2,70,,8202,2,4,,2,30,,8203,2,4,,2,70,,8204,2,4,,2,30,,8205,2,4,,2,70,,8206,2,4,,2,30,,8207,2,4,,2,70,,8208,2,4,,2,30,,8183,2,4,,2,70,,8184,2,4,,2,30,,8185,2,4,,2,70,,8186,2,4,,2,30,,8187,2,4,,2,70,,8188,2,4,,2,30,,8189,2,4,,2,70,,8190,2,4,,2,30,,8191,2,4,,2,70,,8192,2,4,,2,30,,8194,2,4,,2,70,,8195,2,4,,2,30,,8196,2,4,,2,70,,8197,2,4,,2,30,,8198,2,4,,2,70,,8199,2,4,,2,30,,8200,2,4,,2,70,,8201,2,4,,2
10000525019,'VNJA',12,,8209,2,4,,2,693,,8210,2,4,,2,30,,8211,2,4,,2,70,,8222,2,4,,2,30,,8226,2,4,,2,70,,8227,2,4,,2,30,,8228,2,4,,2,70,,8229,2,4,,2,30,,8230,2,4,,2,70,,8231,2,4,,2,30,,8232,2,4,,2,70,,8212,2,4,,2,30,,8213,2,4,,2,70,,8214,2,4,,2,30,,8215,2,4,,2,70,,8216,2,4,,2,30,,8217,2,4,,2,70,,8218,2,4,,2,30,,8219,2,4,,2,70,,8220,2,4,,2,30,,8221,2,4,,2,70,,8223,2,4,,2,30,,8224,2,4,,2,70,,8225,2,4,,2
10000525019,'dim',12,,8233,2,4,,2,923,,8234,2,4,,2,70,,8235,2,4,,2,30,,8244,2,4,,2,70,,8245,2,4,,2,30,,8246,2,4,,2,70,,8247,2,4,,2,30,,8248,2,4,,2,70,,8249,2,4,,2,30,,8250,2,4,,2,70,,8251,2,4,,2,30,,8236,2,4,,2,70,,8237,2,4,,2,30,,8238,2,4,,2,70,,8239,2,4,,2,30,,8240,2,4,,2,70,,8241,2,4,,2,30,,8242,2,4,,2,70,,8243,2,4,,2
10000525019,'lun-ven',12,,8252,2,4,,2,693,,8253,2,4,,2,30,,8254,2,4,,2,70,,8265,2,4,,2,30,,8276,2,4,,2,70,,8280,2,4,,2,30,,8281,2,4,,2,70,,8282,2,4,,2,30,,8283,2,4,,2,70,,8284,2,4,,2,30,,8285,2,4,,2,70,,8255,2,4,,2,30,,8256,2,4,,2,70,,8257,2,4,,2,30,,8258,2,4,,2,70,,8259,2,4,,2,30,,8260,2,4,,2,70,,8261,2,4,,2,30,,8262,2,4,,2,70,,8263,2,4,,2,30,,8264,2,4,,2,70,,8266,2,4,,2,30,,8267,2,4,,2,70,,8268,2,4,,2,30,,8269,2,4,,2,70,,8270,2,4,,2,30,,8271,2,4,,2,70,,8272,2,4,,2,30,,8273,2,4,,2,70,,8274,2,4,,2,30,,8275,2,4,,2,70,,8277,2,4,,2,30,,8278,2,4,,2,70,,8279,2,4,,2
10000525019,'sam',12,,8286,2,4,,2,793,,8287,2,4,,2,30,,8288,2,4,,2,70,,8299,2,4,,2,30,,8301,2,4,,2,70,,8302,2,4,,2,30,,8303,2,4,,2,70,,8304,2,4,,2,30,,8305,2,4,,2,70,,8306,2,4,,2,30,,8307,2,4,,2,70,,8289,2,4,,2,30,,8290,2,4,,2,70,,8291,2,4,,2,30,,8292,2,4,,2,70,,8293,2,4,,2,30,,8294,2,4,,2,70,,8295,2,4,,2,30,,8296,2,4,,2,70,,8297,2,4,,2,30,,8298,2,4,,2,70,,8300,2,4,,2
10000530019,'LN',11,,8308,2,4,,2,924,,8309,2,4,,2,70,,8310,2,4,,2,30,,8321,2,4,,2,70,,8330,2,4,,2,30,,8331,2,4,,2,70,,8332,2,4,,2,30,,8333,2,4,,2,70,,8334,2,4,,2,30,,8335,2,4,,2,70,,8336,2,4,,2,30,,8311,2,4,,2,70,,8312,2,4,,2,30,,8313,2,4,,2,70,,8314,2,4,,2,30,,8315,2,4,,2,70,,8316,2,4,,2,30,,8317,2,4,,2,70,,8318,2,4,,2,30,,8319,2,4,,2,70,,8320,2,4,,2,30,,8322,2,4,,2,70,,8323,2,4,,2,30,,8324,2,4,,2,70,,8325,2,4,,2,30,,8326,2,4,,2,70,,8327,2,4,,2,30,,8328,2,4,,2,70,,8329,2,4,,2
10000530019,'VNJA',11,,8337,2,4,,2,694,,8338,2,4,,2,30,,8339,2,4,,2,70,,8350,2,4,,2,30,,8354,2,4,,2,70,,8355,2,4,,2,30,,8356,2,4,,2,70,,8357,2,4,,2,30,,8358,2,4,,2,70,,8359,2,4,,2,30,,8360,2,4,,2,70,,8340,2,4,,2,30,,8341,2,4,,2,70,,8342,2,4,,2,30,,8343,2,4,,2,70,,8344,2,4,,2,30,,8345,2,4,,2,70,,8346,2,4,,2,30,,8347,2,4,,2,70,,8348,2,4,,2,30,,8349,2,4,,2,70,,8351,2,4,,2,30,,8352,2,4,,2,70,,8353,2,4,,2
10000530019,'dim',11,,8361,2,4,,2,924,,8362,2,4,,2,70,,8363,2,4,,2,30,,8372,2,4,,2,70,,8373,2,4,,2,30,,8374,2,4,,2,70,,8375,2,4,,2,30,,8376,2,4,,2,70,,8377,2,4,,2,30,,8378,2,4,,2,70,,8379,2,4,,2,30,,8364,2,4,,2,70,,8365,2,4,,2,30,,8366,2,4,,2,70,,8367,2,4,,2,30,,8368,2,4,,2,70,,8369,2,4,,2,30,,8370,2,4,,2,70,,8371,2,4,,2
10000530019,'lun-ven',11,,8380,2,4,,2,694,,8381,2,4,,2,30,,8382,2,4,,2,70,,8393,2,4,,2,30,,8404,2,4,,2,70,,8408,2,4,,2,30,,8409,2,4,,2,70,,8410,2,4,,2,30,,8411,2,4,,2,70,,8412,2,4,,2,30,,8413,2,4,,2,70,,8383,2,4,,2,30,,8384,2,4,,2,70,,8385,2,4,,2,30,,8386,2,4,,2,70,,8387,2,4,,2,30,,8388,2,4,,2,70,,8389,2,4,,2,30,,8390,2,4,,2,70,,8391,2,4,,2,30,,8392,2,4,,2,70,,8394,2,4,,2,30,,8395,2,4,,2,70,,8396,2,4,,2,30,,8397,2,4,,2,70,,8398,2,4,,2,30,,8399,2,4,,2,70,,8400,2,4,,2,30,,8401,2,4,,2,70,,8402,2,4,,2,30,,8403,2,4,,2,70,,8405,2,4,,2,30,,8406,2,4,,2,70,,8407,2,4,,2
10000530019,'sam',11,,8414,2,4,,2,794,,8415,2,4,,2,30,,8416,2,4,,2,70,,8427,2,4,,2,30,,8429,2,4,,2,70,,8430,2,4,,2,30,,8431,2,4,,2,70,,8432,2,4,,2,30,,8433,2,4,,2,70,,8434,2,4,,2,30,,8435,2,4,,2,70,,8417,2,4,,2,30,,8418,2,4,,2,70,,8419,2,4,,2,30,,8420,2,4,,2,70,,8421,2,4,,2,30,,8422,2,4,,2,70,,8423,2,4,,2,30,,8424,2,4,,2,70,,8425,2,4,,2,30,,8426,2,4,,2,70,,8428,2,4,,2
10000535019,'LN',9,,8436,2,4,,2,926,,8437,2,4,,2,70,,8438,2,4,,2,30,,8449,2,4,,2,70,,8458,2,4,,2,30,,8459,2,4,,2,70,,8460,2,4,,2,30,,8461,2,4,,2,70,,8462,2,4,,2,30,,8463,2,4,,2,70,,8464,2,4,,2,30,,8439,2,4,,2,70,,8440,2,4,,2,30,,8441,2,4,,2,70,,8442,2,4,,2,30,,8443,2,4,,2,70,,8444,2,4,,2,30,,8445,2,4,,2,70,,8446,2,4,,2,30,,8447,2,4,,2,70,,8448,2,4,,2,30,,8450,2,4,,2,70,,8451,2,4,,2,30,,8452,2,4,,2,70,,8453,2,4,,2,30,,8454,2,4,,2,70,,8455,2,4,,2,30,,8456,2,4,,2,70,,8457,2,4,,2
10000535019,'VNJA',9,,8465,2,4,,2,696,,8466,2,4,,2,30,,8467,2,4,,2,70,,8478,2,4,,2,30,,8482,2,4,,2,70,,8483,2,4,,2,30,,8484,2,4,,2,70,,8485,2,4,,2,30,,8486,2,4,,2,70,,8487,2,4,,2,30,,8488,2,4,,2,70,,8468,2,4,,2,30,,8469,2,4,,2,70,,8470,2,4,,2,30,,8471,2,4,,2,70,,8472,2,4,,2,30,,8473,2,4,,2,70,,8474,2,4,,2,30,,8475,2,4,,2,70,,8476,2,4,,2,30,,8477,2,4,,2,70,,8479,2,4,,2,30,,8480,2,4,,2,70,,8481,2,4,,2
10000535019,'dim',9,,8489,2,4,,2,926,,8490,2,4,,2,70,,8491,2,4,,2,30,,8500,2,4,,2,70,,8501,2,4,,2,30,,8502,2,4,,2,70,,8503,2,4,,2,30,,8504,2,4,,2,70,,8505,2,4,,2,30,,8506,2,4,,2,70,,8507,2,4,,2,30,,8492,2,4,,2,70,,8493,2,4,,2,30,,8494,2,4,,2,70,,8495,2,4,,2,30,,8496,2,4,,2,70,,8497,2,4,,2,30,,8498,2,4,,2,70,,8499,2,4,,2
10000535019,'lun-ven',9,,8508,2,4,,2,696,,8509,2,4,,2,30,,8510,2,4,,2,70,,8521,2,4,,2,30,,8532,2,4,,2,70,,8536,2,4,,2,30,,8537,2,4,,2,70,,8538,2,4,,2,30,,8539,2,4,,2,70,,8540,2,4,,2,30,,8541,2,4,,2,70,,8511,2,4,,2,30,,8512,2,4,,2,70,,8513,2,4,,2,30,,8514,2,4,,2,70,,8515,2,4,,2,30,,8516,2,4,,2,70,,8517,2,4,,2,30,,8518,2,4,,2,70,,8519,2,4,,2,30,,8520,2,4,,2,70,,8522,2,4,,2,30,,8523,2,4,,2,70,,8524,2,4,,2,30,,8525,2,4,,2,70,,8526,2,4,,2,30,,8527,2,4,,2,70,,8528,2,4,,2,30,,8529,2,4,,2,70,,8530,2,4,,2,30,,8531,2,4,,2,70,,8533,2,4,,2,30,,8534,2,4,,2,70,,8535,2,4,,2
10000535019,'sam',9,,8542,2,4,,2,796,,8543,2,4,,2,30,,8544,2,4,,2,70,,8555,2,4,,2,30,,8557,2,4,,2,70,,8558,2,4,,2,30,,8559,2,4,,2,70,,8560,2,4,,2,30,,8561,2,4,,2,70,,8562,2,4,,2,30,,8563,2,4,,2,70,,8545,2,4,,2,30,,8546,2,4,,2,70,,8547,2,4,,2,30,,8548,2,4,,2,70,,8549,2,4,,2,30,,8550,2,4,,2,70,,8551,2,4,,2,30,,8552,2,4,,2,70,,8553,2,4,,2,30,,8554,2,4,,2,70,,8556,2,4,,2
10000540019,'LN',8,,8564,2,4,,2,927,,8565,2,4,,2,70,,8566,2,4,,2,30,,8577,2,4,,2,70,,8586,2,4,,2,30,,8587,2,4,,2,70,,8588,2,4,,2,30,,8589,2,4,,2,70,,8590,2,4,,2,30,,8591,2,4,,2,70,,8592,2,4,,2,30,,8567,2,4,,2,70,,8568,2,4,,2,30,,8569,2,4,,2,70,,8570,2,4,,2,30,,8571,2,4,,2,70,,8572,2,4,,2,30,,8573,2,4,,2,70,,8574,2,4,,2,30,,8575,2,4,,2,70,,8576,2,4,,2,30,,8578,2,4,,2,70,,8579,2,4,,2,30,,8580,2,4,,2,70,,8581,2,4,,2,30,,8582,2,4,,2,70,,8583,2,4,,2,30,,8584,2,4,,2,70,,8585,2,4,,2
10000540019,'VNJA',8,,8593,2,4,,2,697,,8594,2,4,,2,30,,8595,2,4,,2,70,,8606,2,4,,2,30,,8610,2,4,,2,70,,8611,2,4,,2,30,,8612,2,4,,2,70,,8613,2,4,,2,30,,8614,2,4,,2,70,,8615,2,4,,2,30,,8616,2,4,,2,70,,8596,2,4,,2,30,,8597,2,4,,2,70,,8598,2,4,,2,30,,8599,2,4,,2,70,,8600,2,4,,2,30,,8601,2,4,,2,70,,8602,2,4,,2,30,,8603,2,4,,2,70,,8604,2,4,,2,30,,8605,2,4,,2,70,,8607,2,4,,2,30,,8608,2,4,,2,70,,8609,2,4,,2
10000540019,'dim',8,,8617,2,4,,2,927,,8618,2,4,,2,70,,8619,2,4,,2,30,,8628,2,4,,2,70,,8629,2,4,,2,30,,8630,2,4,,2,70,,8631,2,4,,2,30,,8632,2,4,,2,70,,8633,2,4,,2,30,,8634,2,4,,2,70,,8635,2,4,,2,30,,8620,2,4,,2,70,,8621,2,4,,2,30,,8622,2,4,,2,70,,8623,2,4,,2,30,,8624,2,4,,2,70,,8625,2,4,,2,30,,8626,2,4,,2,70,,8627,2,4,,2
10000540019,'lun-ven',8,,8636,2,4,,2,697,,8637,2,4,,2,30,,8638,2,4,,2,70,,8649,2,4,,2,30,,8660,2,4,,2,70,,8664,2,4,,2,30,,8665,2,4,,2,70,,8666,2,4,,2,30,,8667,2,4,,2,70,,8668,2,4,,2,30,,8669,2,4,,2,70,,8639,2,4,,2,30,,8640,2,4,,2,70,,8641,2,4,,2,30,,8642,2,4,,2,70,,8643,2,4,,2,30,,8644,2,4,,2,70,,8645,2,4,,2,30,,8646,2,4,,2,70,,8647,2,4,,2,30,,8648,2,4,,2,70,,8650,2,4,,2,30,,8651,2,4,,2,70,,8652,2,4,,2,30,,8653,2,4,,2,70,,8654,2,4,,2,30,,8655,2,4,,2,70,,8656,2,4,,2,30,,8657,2,4,,2,70,,8658,2,4,,2,30,,8659,2,4,,2,70,,8661,2,4,,2,30,,8662,2,4,,2,70,,8663,2,4,,2
10000540019,'sam',8,,8670,2,4,,2,797,,8671,2,4,,2,30,,8672,2,4,,2,70,,8683,2,4,,2,30,,8685,2,4,,2,70,,8686,2,4,,2,30,,8687,2,4,,2,70,,8688,2,4,,2,30,,8689,2,4,,2,70,,8690,2,4,,2,30,,8691,2,4,,2,70,,8673,2,4,,2,30,,8674,2,4,,2,70,,8675,2,4,,2,30,,8676,2,4,,2,70,,8677,2,4,,2,30,,8678,2,4,,2,70,,8679,2,4,,2,30,,8680,2,4,,2,70,,8681,2,4,,2,30,,8682,2,4,,2,70,,8684,2,4,,2
10000545019,'LN',7,,8692,2,4,,2,928,,8693,2,4,,2,70,,8694,2,4,,2,30,,8705,2,4,,2,70,,8714,2,4,,2,30,,8715,2,4,,2,70,,8716,2,4,,2,30,,8717,2,4,,2,70,,8718,2,4,,2,30,,8719,2,4,,2,70,,8720,2,4,,2,30,,8695,2,4,,2,70,,8696,2,4,,2,30,,8697,2,4,,2,70,,8698,2,4,,2,30,,8699,2,4,,2,70,,8700,2,4,,2,30,,8701,2,4,,2,70,,8702,2,4,,2,30,,8703,2,4,,2,70,,8704,2,4,,2,30,,8706,2,4,,2,70,,8707,2,4,,2,30,,8708,2,4,,2,70,,8709,2,4,,2,30,,8710,2,4,,2,70,,8711,2,4,,2,30,,8712,2,4,,2,70,,8713,2,4,,2
10000545019,'VNJA',7,,8721,2,4,,2,698,,8722,2,4,,2,30,,8723,2,4,,2,70,,8734,2,4,,2,30,,8738,2,4,,2,70,,8739,2,4,,2,30,,8740,2,4,,2,70,,8741,2,4,,2,30,,8742,2,4,,2,70,,8743,2,4,,2,30,,8744,2,4,,2,70,,8724,2,4,,2,30,,8725,2,4,,2,70,,8726,2,4,,2,30,,8727,2,4,,2,70,,8728,2,4,,2,30,,8729,2,4,,2,70,,8730,2,4,,2,30,,8731,2,4,,2,70,,8732,2,4,,2,30,,8733,2,4,,2,70,,8735,2,4,,2,30,,8736,2,4,,2,70,,8737,2,4,,2
10000545019,'dim',7,,8745,2,4,,2,928,,8746,2,4,,2,70,,8747,2,4,,2,30,,8756,2,4,,2,70,,8757,2,4,,2,30,,8758,2,4,,2,70,,8759,2,4,,2,30,,8760,2,4,,2,70,,8761,2,4,,2,30,,8762,2,4,,2,70,,8763,2,4,,2,30,,8748,2,4,,2,70,,8749,2,4,,2,30,,8750,2,4,,2,70,,8751,2,4,,2,30,,8752,2,4,,2,70,,8753,2,4,,2,30,,8754,2,4,,2,70,,8755,2,4,,2
10000545019,'lun-ven',7,,8764,2,4,,2,698,,8765,2,4,,2,30,,8766,2,4,,2,70,,8777,2,4,,2,30,,8788,2,4,,2,70,,8792,2,4,,2,30,,8793,2,4,,2,70,,8794,2,4,,2,30,,8795,2,4,,2,70,,8796,2,4,,2,30,,8797,2,4,,2,70,,8767,2,4,,2,30,,8768,2,4,,2,70,,8769,2,4,,2,30,,8770,2,4,,2,70,,8771,2,4,,2,30,,8772,2,4,,2,70,,8773,2,4,,2,30,,8774,2,4,,2,70,,8775,2,4,,2,30,,8776,2,4,,2,70,,8778,2,4,,2,30,,8779,2,4,,2,70,,8780,2,4,,2,30,,8781,2,4,,2,70,,8782,2,4,,2,30,,8783,2,4,,2,70,,8784,2,4,,2,30,,8785,2,4,,2,70,,8786,2,4,,2,30,,8787,2,4,,2,70,,8789,2,4,,2,30,,8790,2,4,,2,70,,8791,2,4,,2
10000545019,'sam',7,,8798,2,4,,2,798,,8799,2,4,,2,30,,8800,2,4,,2,70,,8811,2,4,,2,30,,8813,2,4,,2,70,,8814,2,4,,2,30,,8815,2,4,,2,70,,8816,2,4,,2,30,,8817,2,4,,2,70,,8818,2,4,,2,30,,8819,2,4,,2,70,,8801,2,4,,2,30,,8802,2,4,,2,70,,8803,2,4,,2,30,,8804,2,4,,2,70,,8805,2,4,,2,30,,8806,2,4,,2,70,,8807,2,4,,2,30,,8808,2,4,,2,70,,8809,2,4,,2,30,,8810,2,4,,2,70,,8812,2,4,,2
10000550019,'LN',5,,8820,2,4,,2,930,,8821,2,4,,2,70,,8822,2,4,,2,30,,8833,2,4,,2,70,,8842,2,4,,2,30,,8843,2,4,,2,70,,8844,2,4,,2,30,,8845,2,4,,2,70,,8846,2,4,,2,30,,8847,2,4,,2,70,,8848,2,4,,2,30,,8823,2,4,,2,70,,8824,2,4,,2,30,,8825,2,4,,2,70,,8826,2,4,,2,30,,8827,2,4,,2,70,,8828,2,4,,2,30,,8829,2,4,,2,70,,8830,2,4,,2,30,,8831,2,4,,2,70,,8832,2,4,,2,30,,8834,2,4,,2,70,,8835,2,4,,2,30,,8836,2,4,,2,70,,8837,2,4,,2,30,,8838,2,4,,2,70,,8839,2,4,,2,30,,8840,2,4,,2,70,,8841,2,4,,2
10000550019,'VNJA',5,,8849,2,4,,2,700,,8850,2,4,,2,30,,8851,2,4,,2,70,,8862,2,4,,2,30,,8866,2,4,,2,70,,8867,2,4,,2,30,,8868,2,4,,2,70,,8869,2,4,,2,30,,8870,2,4,,2,70,,8871,2,4,,2,30,,8872,2,4,,2,70,,8852,2,4,,2,30,,8853,2,4,,2,70,,8854,2,4,,2,30,,8855,2,4,,2,70,,8856,2,4,,2,30,,8857,2,4,,2,70,,8858,2,4,,2,30,,8859,2,4,,2,70,,8860,2,4,,2,30,,8861,2,4,,2,70,,8863,2,4,,2,30,,8864,2,4,,2,70,,8865,2,4,,2
10000550019,'dim',5,,8873,2,4,,2,930,,8874,2,4,,2,70,,8875,2,4,,2,30,,8884,2,4,,2,70,,8885,2,4,,2,30,,8886,2,4,,2,70,,8887,2,4,,2,30,,8888,2,4,,2,70,,8889,2,4,,2,30,,8890,2,4,,2,70,,8891,2,4,,2,30,,8876,2,4,,2,70,,8877,2,4,,2,30,,8878,2,4,,2,70,,8879,2,4,,2,30,,8880,2,4,,2,70,,8881,2,4,,2,30,,8882,2,4,,2,70,,8883,2,4,,2
10000550019,'lun-ven',5,,8892,2,4,,2,700,,8893,2,4,,2,30,,8894,2,4,,2,70,,8905,2,4,,2,30,,8916,2,4,,2,70,,8920,2,4,,2,30,,8921,2,4,,2,70,,8922,2,4,,2,30,,8923,2,4,,2,70,,8924,2,4,,2,30,,8925,2,4,,2,70,,8895,2,4,,2,30,,8896,2,4,,2,70,,8897,2,4,,2,30,,8898,2,4,,2,70,,8899,2,4,,2,30,,8900,2,4,,2,70,,8901,2,4,,2,30,,8902,2,4,,2,70,,8903,2,4,,2,30,,8904,2,4,,2,70,,8906,2,4,,2,30,,8907,2,4,,2,70,,8908,2,4,,2,30,,8909,2,4,,2,70,,8910,2,4,,2,30,,8911,2,4,,2,70,,8912,2,4,,2,30,,8913,2,4,,2,70,,8914,2,4,,2,30,,8915,2,4,,2,70,,8917,2,4,,2,30,,8918,2,4,,2,70,,8919,2,4,,2
10000550019,'sam',5,,8926,2,4,,2,800,,8927,2,4,,2,30,,8928,2,4,,2,70,,8939,2,4,,2,30,,8941,2,4,,2,70,,8942,2,4,,2,30,,8943,2,4,,2,70,,8944,2,4,,2,30,,8945,2,4,,2,70,,8946,2,4,,2,30,,8947,2,4,,2,70,,8929,2,4,,2,30,,8930,2,4,,2,70,,8931,2,4,,2,30,,8932,2,4,,2,70,,8933,2,4,,2,30,,8934,2,4,,2,70,,8935,2,4,,2,30,,8936,2,4,,2,70,,8937,2,4,,2,30,,8938,2,4,,2,70,,8940,2,4,,2
10000555019,'LN',9,,8948,2,4,,2,926,,8949,2,4,,2,70,,8950,2,4,,2,30,,8961,2,4,,2,70,,8970,2,4,,2,30,,8971,2,4,,2,70,,8972,2,4,,2,30,,8973,2,4,,2,70,,8974,2,4,,2,30,,8975,2,4,,2,70,,8976,2,4,,2,30,,8951,2,4,,2,70,,8952,2,4,,2,30,,8953,2,4,,2,70,,8954,2,4,,2,30,,8955,2,4,,2,70,,8956,2,4,,2,30,,8957,2,4,,2,70,,8958,2,4,,2,30,,8959,2,4,,2,70,,8960,2,4,,2,30,,8962,2,4,,2,70,,8963,2,4,,2,30,,8964,2,4,,2,70,,8965,2,4,,2,30,,8966,2,4,,2,70,,8967,2,4,,2,30,,8968,2,4,,2,70,,8969,2,4,,2
10000555019,'VNJA',9,,8977,2,4,,2,696,,8978,2,4,,2,30,,8979,2,4,,2,70,,8990,2,4,,2,30,,8994,2,4,,2,70,,8995,2,4,,2,30,,8996,2,4,,2,70,,8997,2,4,,2,30,,8998,2,4,,2,70,,8999,2,4,,2,30,,9000,2,4,,2,70,,8980,2,4,,2,30,,8981,2,4,,2,70,,8982,2,4,,2,30,,8983,2,4,,2,70,,8984,2,4,,2,30,,8985,2,4,,2,70,,8986,2,4,,2,30,,8987,2,4,,2,70,,8988,2,4,,2,30,,8989,2,4,,2,70,,8991,2,4,,2,30,,8992,2,4,,2,70,,8993,2,4,,2
10000555019,'dim',9,,9001,2,4,,2,926,,9002,2,4,,2,70,,9003,2,4,,2,30,,9012,2,4,,2,70,,9013,2,4,,2,30,,9014,2,4,,2,70,,9015,2,4,,2,30,,9016,2,4,,2,70,,9017,2,4,,2,30,,9018,2,4,,2,70,,9019,2,4,,2,30,,9004,2,4,,2,70,,9005,2,4,,2,30,,9006,2,4,,2,70,,9007,2,4,,2,30,,9008,2,4,,2,70,,9009,2,4,,2,30,,9010,2,4,,2,70,,9011,2,4,,2
10000555019,'lun-ven',9,,9020,2,4,,2,696,,9021,2,4,,2,30,,9022,2,4,,2,70,,9033,2,4,,2,30,,9044,2,4,,2,70,,9048,2,4,,2,30,,9049,2,4,,2,70,,9050,2,4,,2,30,,9051,2,4,,2,70,,9052,2,4,,2,30,,9053,2,4,,2,70,,9023,2,4,,2,30,,9024,2,4,,2,70,,9025,2,4,,2,30,,9026,2,4,,2,70,,9027,2,4,,2,30,,9028,2,4,,2,70,,9029,2,4,,2,30,,9030,2,4,,2,70,,9031,2,4,,2,30,,9032,2,4,,2,70,,9034,2,4,,2,30,,9035,2,4,,2,70,,9036,2,4,,2,30,,9037,2,4,,2,70,,9038,2,4,,2,30,,9039,2,4,,2,70,,9040,2,4,,2,30,,9041,2,4,,2,70,,9042,2,4,,2,30,,9043,2,4,,2,70,,9045,2,4,,2,30,,9046,2,4,,2,70,,9047,2,4,,2
10000555019,'sam',9,,9054,2,4,,2,796,,9055,2,4,,2,30,,9056,2,4,,2,70,,9067,2,4,,2,30,,9069,2,4,,2,70,,9070,2,4,,2,30,,9071,2,4,,2,70,,9072,2,4,,2,30,,9073,2,4,,2,70,,9074,2,4,,2,30,,9075,2,4,,2,70,,9057,2,4,,2,30,,9058,2,4,,2,70,,9059,2,4,,2,30,,9060,2,4,,2,70,,9061,2,4,,2,30,,9062,2,4,,2,70,,9063,2,4,,2,30,,9064,2,4,,2,70,,9065,2,4,,2,30,,9066,2,4,,2,70,,9068,2,4,,2
