308700019,'LN',13,,938,2,4,,2,909,,939,2,4,,2,30,,940,2,4,,2,70,,951,2,4,,2,30,,960,2,4,,2,70,,961,2,4,,2,30,,962,2,4,,2,70,,963,2,4,,2,30,,964,2,4,,2,70,,965,2,4,,2,30,,966,2,4,,2,70,,941,2,4,,2,30,,942,2,4,,2,70,,943,2,4,,2,30,,944,2,4,,2,70,,945,2,4,,2,30,,946,2,4,,2,70,,947,2,4,,2,30,,948,2,4,,2,70,,949,2,4,,2,30,,950,2,4,,2,70,,952,2,4,,2,30,,953,2,4,,2,70,,954,2,4,,2,30,,955,2,4,,2,70,,956,2,4,,2,30,,957,2,4,,2,70,,958,2,4,,2,30,,959,2,4,,2
308700019,'VNJA',13,,967,2,4,,2,709,,968,2,4,,2,30,,969,2,4,,2,70,,980,2,4,,2,30,,983,2,4,,2,70,,984,2,4,,2,30,,985,2,4,,2,70,,986,2,4,,2,30,,987,2,4,,2,70,,988,2,4,,2,30,,989,2,4,,2,70,,970,2,4,,2,30,,971,2,4,,2,70,,972,2,4,,2,30,,973,2,4,,2,70,,974,2,4,,2,30,,975,2,4,,2,70,,976,2,4,,2,30,,977,2,4,,2,70,,978,2,4,,2,30,,979,2,4,,2,70,,981,2,4,,2,30,,982,2,4,,2
308700019,'dim',13,,990,2,4,,2,909,,991,2,4,,2,30,,992,2,4,,2,70,,1001,2,4,,2,30,,1002,2,4,,2,70,,1003,2,4,,2,30,,1004,2,4,,2,70,,1005,2,4,,2,30,,1006,2,4,,2,70,,1007,2,4,,2,30,,1008,2,4,,2,70,,993,2,4,,2,30,,994,2,4,,2,70,,995,2,4,,2,30,,996,2,4,,2,70,,997,2,4,,2,30,,998,2,4,,2,70,,999,2,4,,2,30,,1000,2,4,,2
308700019,'lun-ven',13,,1009,2,4,,2,709,,1010,2,4,,2,30,,1011,2,4,,2,70,,1022,2,4,,2,30,,1033,2,4,,2,70,,1036,2,4,,2,30,,1037,2,4,,2,70,,1038,2,4,,2,30,,1039,2,4,,2,70,,1040,2,4,,2,30,,1041,2,4,,2,70,,1012,2,4,,2,30,,1013,2,4,,2,70,,1014,2,4,,2,30,,1015,2,4,,2,70,,1016,2,4,,2,30,,1017,2,4,,2,70,,1018,2,4,,2,30,,1019,2,4,,2,70,,1020,2,4,,2,30,,1021,2,4,,2,70,,1023,2,4,,2,30,,1024,2,4,,2,70,,1025,2,4,,2,30,,1026,2,4,,2,70,,1027,2,4,,2,30,,1028,2,4,,2,70,,1029,2,4,,2,30,,1030,2,4,,2,70,,1031,2,4,,2,30,,1032,2,4,,2,70,,1034,2,4,,2,30,,1035,2,4,,2
308700019,'sam',13,,1042,2,4,,2,809,,1043,2,4,,2,30,,1044,2,4,,2,70,,1055,2,4,,2,30,,1056,2,4,,2,70,,1057,2,4,,2,30,,1058,2,4,,2,70,,1059,2,4,,2,30,,1060,2,4,,2,70,,1061,2,4,,2,30,,1062,2,4,,2,70,,1045,2,4,,2,30,,1046,2,4,,2,70,,1047,2,4,,2,30,,1048,2,4,,2,70,,1049,2,4,,2,30,,1050,2,4,,2,70,,1051,2,4,,2,30,,1052,2,4,,2,70,,1053,2,4,,2,30,,1054,2,4,,2
308705019,'LN',0,,1063,1,,,2,853,,1064,1,,,2,70,,1065,1,,,2,30,,1076,1,,,2,70,,1086,1,,,2,30,,1087,1,,,2,70,,1088,1,,,2,30,,1089,1,,,2,70,,1090,1,,,2,30,,1091,1,,,2,70,,1092,1,,,2,30,,1066,1,,,2,70,,1067,1,,,2,30,,1068,1,,,2,70,,1069,1,,,2,30,,1070,1,,,2,70,,1071,1,,,2,30,,1072,1,,,2,70,,1073,1,,,2,30,,1074,1,,,2,70,,1075,1,,,2,30,,1077,1,,,2,70,,1078,1,,,2,30,,1079,1,,,2,70,,1080,1,,,2,30,,1081,1,,,2,70,,1082,1,,,2,30,,1083,1,,,2,70,,1084,1,,,2,30,,1085,1,,,2
308705019,'VNJA',0,,1093,1,,,2,653,,1094,1,,,2,70,,1095,1,,,2,30,,1106,1,,,2,70,,1110,1,,,2,30,,1111,1,,,2,70,,1112,1,,,2,30,,1113,1,,,2,70,,1114,1,,,2,30,,1115,1,,,2,70,,1116,1,,,2,30,,1096,1,,,2,70,,1097,1,,,2,30,,1098,1,,,2,70,,1099,1,,,2,30,,1100,1,,,2,70,,1101,1,,,2,30,,1102,1,,,2,70,,1103,1,,,2,30,,1104,1,,,2,70,,1105,1,,,2,30,,1107,1,,,2,70,,1108,1,,,2,30,,1109,1,,,2
308705019,'dim',0,,1117,1,,,2,853,,1118,1,,,2,70,,1119,1,,,2,30,,1129,1,,,2,70,,1130,1,,,2,30,,1131,1,,,2,70,,1132,1,,,2,30,,1133,1,,,2,70,,1134,1,,,2,30,,1135,1,,,2,70,,1136,1,,,2,30,,1120,1,,,2,70,,1121,1,,,2,30,,1122,1,,,2,70,,1123,1,,,2,30,,1124,1,,,2,70,,1125,1,,,2,30,,1126,1,,,2,70,,1127,1,,,2,30,,1128,1,,,2
308705019,'lun-ven',0,,1137,1,,,2,653,,1138,1,,,2,70,,1139,1,,,2,30,,1150,1,,,2,70,,1161,1,,,2,30,,1165,1,,,2,70,,1166,1,,,2,30,,1167,1,,,2,70,,1168,1,,,2,30,,1169,1,,,2,70,,1170,1,,,2,30,,1140,1,,,2,70,,1141,1,,,2,30,,1142,1,,,2,70,,1143,1,,,2,30,,1144,1,,,2,70,,1145,1,,,2,30,,1146,1,,,2,70,,1147,1,,,2,30,,1148,1,,,2,70,,1149,1,,,2,30,,1151,1,,,2,70,,1152,1,,,2,30,,1153,1,,,2,70,,1154,1,,,2,30,,1155,1,,,2,70,,1156,1,,,2,30,,1157,1,,,2,70,,1158,1,,,2,30,,1159,1,,,2,70,,1160,1,,,2,30,,1162,1,,,2,70,,1163,1,,,2,30,,1164,1,,,2
308705019,'sam',0,,1171,1,,,2,753,,1172,1,,,2,70,,1173,1,,,2,30,,1184,1,,,2,70,,1186,1,,,2,30,,1187,1,,,2,70,,1188,1,,,2,30,,1189,1,,,2,70,,1190,1,,,2,30,,1191,1,,,2,70,,1192,1,,,2,30,,1174,1,,,2,70,,1175,1,,,2,30,,1176,1,,,2,70,,1177,1,,,2,30,,1178,1,,,2,70,,1179,1,,,2,30,,1180,1,,,2,70,,1181,1,,,2,30,,1182,1,,,2,70,,1183,1,,,2,30,,1185,1,,,2
