1,1019,'LN',1
1,1019,'VNJA',2
1,1019,'dim',3
1,1019,'lun-ven',4
1,1019,'sam',5
2,2019,'LN',6
2,2019,'VNJA',7
2,2019,'dim',8
2,2019,'lun-ven',9
2,2019,'sam',10
3,3019,'LN',11
3,3019,'VNJA',12
3,3019,'dim',13
3,3019,'lun-ven',14
3,3019,'sam',15
4,4019,'LN',16
4,4019,'VNJA',17
4,4019,'lun-ven',18
4,4019,'sam',19
6,6019,'LN',20
6,6019,'VNJA',21
6,6019,'dim',22
6,6019,'lun-ven',23
6,6019,'sam',24
7,7019,'VNJA',25,26
7,7019,'lun-ven',27,28,29
8,8019,'VNJA',30,31
8,8019,'lun-ven',32,33,34
40004,40004019,'dim',35
140005,140005019,'LN',36
140005,140005019,'VNJA',37
140005,140005019,'dim',38
140005,140005019,'lun-ven',39
140005,140005019,'sam',40
190005,190005019,'LN',41
190005,190005019,'VNJA',42
190005,190005019,'dim',43
190005,190005019,'lun-ven',44
190005,190005019,'sam',45
308700,308700019,'LN',46
308700,308700019,'VNJA',47
308700,308700019,'dim',48
308700,308700019,'lun-ven',49
308700,308700019,'sam',50
308705,308705019,'LN',51
308705,308705019,'VNJA',52
308705,308705019,'dim',53
308705,308705019,'lun-ven',54
308705,308705019,'sam',55
319600,319600019,'LN',56,57,58
319600,319600019,'VNJA',59,60,61
319600,319600019,'dim',62,63,64
319600,319600019,'lun-ven',65,66,67
319600,319600019,'sam',68,69,70
319605,319605019,'LN',71
319605,319605019,'VNJA',72
319605,319605019,'dim',73
319605,319605019,'lun-ven',74
319605,319605019,'sam',75
319615,319615019,'LN',76
319615,319615019,'VNJA',77
319615,319615019,'dim',78
319615,319615019,'lun-ven',79
319615,319615019,'sam',80
319625,319625019,'LN',81
319625,319625019,'VNJA',82
319625,319625019,'dim',83
319625,319625019,'lun-ven',84
319625,319625019,'sam',85
1000400,1000400019,'LN',86,87,88,89
1000400,1000400019,'VNJA',90,91,92,93
1000400,1000400019,'dim',94,95,96,97
1000400,1000400019,'lun-ven',98,99,100,101
1000400,1000400019,'sam',102,103,104,105
1000405,1000405019,'LN',106
1000405,1000405019,'VNJA',107
1000405,1000405019,'dim',108
1000405,1000405019,'lun-ven',109
1000405,1000405019,'sam',110
1000410,1000410019,'LN',111
1000410,1000410019,'VNJA',112
1000410,1000410019,'dim',113
1000410,1000410019,'lun-ven',114
1000410,1000410019,'sam',115
1000415,1000415019,'LN',116
1000415,1000415019,'VNJA',117
1000415,1000415019,'dim',118
1000415,1000415019,'lun-ven',119
1000415,1000415019,'sam',120
1000420,1000420019,'LN',121
1000420,1000420019,'VNJA',122
1000420,1000420019,'dim',123
1000420,1000420019,'lun-ven',124
1000420,1000420019,'sam',125
3000700,3000700019,'LN',126,127,128
3000700,3000700019,'VNJA',129,130,131
3000700,3000700019,'dim',132,133,134
3000700,3000700019,'lun-ven',135,136,137
3000700,3000700019,'sam',138,139,140
3000710,3000710019,'LN',141
3000710,3000710019,'VNJA',142
3000710,3000710019,'dim',143
3000710,3000710019,'lun-ven',144
3000710,3000710019,'sam',145
3000730,3000730019,'LN',146
3000730,3000730019,'VNJA',147
3000730,3000730019,'dim',148
3000730,3000730019,'lun-ven',149
3000730,3000730019,'sam',150
3000790,3000790019,'LN',151
3000790,3000790019,'VNJA',152
3000790,3000790019,'dim',153
3000790,3000790019,'lun-ven',154
3000790,3000790019,'sam',155
7000100,7000100019,'LN',156,157,158,159,160,161,162,163,164,165
7000100,7000100019,'VNJA',166,167,168,169,170,171,172,173,174,175
7000100,7000100019,'dim',176,177,178,179,180,181,182,183,184,185
7000100,7000100019,'lun-ven',186,187,188,189,190,191,192,193,194,195
7000100,7000100019,'sam',196,197,198,199,200,201,202,203,204,205
7000110,7000110019,'LN',206
7000110,7000110019,'VNJA',207
7000110,7000110019,'dim',208
7000110,7000110019,'lun-ven',209
7000110,7000110019,'sam',210
7000115,7000115019,'LN',211
7000115,7000115019,'VNJA',212
7000115,7000115019,'dim',213
7000115,7000115019,'lun-ven',214
7000115,7000115019,'sam',215
7000120,7000120019,'LN',216
7000120,7000120019,'VNJA',217
7000120,7000120019,'dim',218
7000120,7000120019,'lun-ven',219
7000120,7000120019,'sam',220
7000125,7000125019,'LN',221
7000125,7000125019,'VNJA',222
7000125,7000125019,'dim',223
7000125,7000125019,'lun-ven',224
7000125,7000125019,'sam',225
7000130,7000130019,'LN',226
7000130,7000130019,'VNJA',227
7000130,7000130019,'dim',228
7000130,7000130019,'lun-ven',229
7000130,7000130019,'sam',230
7000140,7000140019,'LN',231
7000140,7000140019,'VNJA',232
7000140,7000140019,'dim',233
7000140,7000140019,'lun-ven',234
7000140,7000140019,'sam',235
7000145,7000145019,'LN',236
7000145,7000145019,'VNJA',237
7000145,7000145019,'dim',238
7000145,7000145019,'lun-ven',239
7000145,7000145019,'sam',240
7000150,7000150019,'LN',241
7000150,7000150019,'VNJA',242
7000150,7000150019,'dim',243
7000150,7000150019,'lun-ven',244
7000150,7000150019,'sam',245
7000155,7000155019,'LN',246
7000155,7000155019,'VNJA',247
7000155,7000155019,'dim',248
7000155,7000155019,'lun-ven',249
7000155,7000155019,'sam',250
7000160,7000160019,'LN',251
7000160,7000160019,'VNJA',252
7000160,7000160019,'dim',253
7000160,7000160019,'lun-ven',254
7000160,7000160019,'sam',255
10000500,10000500019,'LN',256,257,258,259,260,261,262,263,264,265,266
10000500,10000500019,'VNJA',267,268,269,270,271,272,273,274,275,276,277
10000500,10000500019,'dim',278,279,280,281,282,283,284,285,286,287,288
10000500,10000500019,'lun-ven',289,290,291,292,293,294,295,296,297,298,299
10000500,10000500019,'sam',300,301,302,303,304,305,306,307,308,309,310
10000505,10000505019,'LN',311
10000505,10000505019,'VNJA',312
10000505,10000505019,'dim',313
10000505,10000505019,'lun-ven',314
10000505,10000505019,'sam',315
10000510,10000510019,'LN',316
10000510,10000510019,'VNJA',317
10000510,10000510019,'dim',318
10000510,10000510019,'lun-ven',319
10000510,10000510019,'sam',320
10000515,10000515019,'LN',321
10000515,10000515019,'VNJA',322
10000515,10000515019,'dim',323
10000515,10000515019,'lun-ven',324
10000515,10000515019,'sam',325
10000520,10000520019,'LN',326
10000520,10000520019,'VNJA',327
10000520,10000520019,'dim',328
10000520,10000520019,'lun-ven',329
10000520,10000520019,'sam',330
10000525,10000525019,'LN',331
10000525,10000525019,'VNJA',332
10000525,10000525019,'dim',333
10000525,10000525019,'lun-ven',334
10000525,10000525019,'sam',335
10000530,10000530019,'LN',336
10000530,10000530019,'VNJA',337
10000530,10000530019,'dim',338
10000530,10000530019,'lun-ven',339
10000530,10000530019,'sam',340
10000535,10000535019,'LN',341
10000535,10000535019,'VNJA',342
10000535,10000535019,'dim',343
10000535,10000535019,'lun-ven',344
10000535,10000535019,'sam',345
10000540,10000540019,'LN',346
10000540,10000540019,'VNJA',347
10000540,10000540019,'dim',348
10000540,10000540019,'lun-ven',349
10000540,10000540019,'sam',350
10000545,10000545019,'LN',351
10000545,10000545019,'VNJA',352
10000545,10000545019,'dim',353
10000545,10000545019,'lun-ven',354
10000545,10000545019,'sam',355
10000550,10000550019,'LN',356
10000550,10000550019,'VNJA',357
10000550,10000550019,'dim',358
10000550,10000550019,'lun-ven',359
10000550,10000550019,'sam',360
10000555,10000555019,'LN',361
10000555,10000555019,'VNJA',362
10000555,10000555019,'dim',363
10000555,10000555019,'lun-ven',364
10000555,10000555019,'sam',365
13000600,13000600019,'LN',366,367,368
13000600,13000600019,'VNJA',369,370,371
13000600,13000600019,'dim',372,373,374
13000600,13000600019,'lun-ven',375,376,377
13000600,13000600019,'sam',378,379,380
13000630,13000630019,'LN',381
13000630,13000630019,'VNJA',382
13000630,13000630019,'dim',383
13000630,13000630019,'lun-ven',384
13000630,13000630019,'sam',385
13000650,13000650019,'LN',386
13000650,13000650019,'VNJA',387
13000650,13000650019,'dim',388
13000650,13000650019,'lun-ven',389
13000650,13000650019,'sam',390
13000680,13000680019,'LN',391
13000680,13000680019,'VNJA',392
13000680,13000680019,'dim',393
13000680,13000680019,'lun-ven',394
13000680,13000680019,'sam',395
14000800,14000800019,'LN',396,397,398,399,400,401,402,403,404,405,406,407,408,409
14000800,14000800019,'VNJA',410,411,412,413,414,415,416,417,418,419,420,421,422,423
14000800,14000800019,'dim',424,425,426,427,428,429,430,431,432,433,434,435,436,437
14000800,14000800019,'lun-ven',438,439,440,441,442,443,444,445,446,447,448,449,450,451
14000800,14000800019,'sam',452,453,454,455,456,457,458,459,460,461,462,463,464,465
14000805,14000805019,'LN',466
14000805,14000805019,'VNJA',467
14000805,14000805019,'dim',468
14000805,14000805019,'lun-ven',469
14000805,14000805019,'sam',470
14000810,14000810019,'LN',471
14000810,14000810019,'VNJA',472
14000810,14000810019,'dim',473
14000810,14000810019,'lun-ven',474
14000810,14000810019,'sam',475
14000820,14000820019,'LN',476
14000820,14000820019,'VNJA',477
14000820,14000820019,'dim',478
14000820,14000820019,'lun-ven',479
14000820,14000820019,'sam',480
14000830,14000830019,'LN',481
14000830,14000830019,'VNJA',482
14000830,14000830019,'dim',483
14000830,14000830019,'lun-ven',484
14000830,14000830019,'sam',485
14000840,14000840019,'LN',486
14000840,14000840019,'VNJA',487
14000840,14000840019,'dim',488
14000840,14000840019,'lun-ven',489
14000840,14000840019,'sam',490
14000850,14000850019,'LN',491
14000850,14000850019,'VNJA',492
14000850,14000850019,'dim',493
14000850,14000850019,'lun-ven',494
14000850,14000850019,'sam',495
14000860,14000860019,'LN',496
14000860,14000860019,'VNJA',497
14000860,14000860019,'dim',498
14000860,14000860019,'lun-ven',499
14000860,14000860019,'sam',500
14000875,14000875019,'LN',501
14000875,14000875019,'VNJA',502
14000875,14000875019,'dim',503
14000875,14000875019,'lun-ven',504
14000875,14000875019,'sam',505
14000878,14000878019,'LN',506
14000878,14000878019,'VNJA',507
14000878,14000878019,'dim',508
14000878,14000878019,'lun-ven',509
14000878,14000878019,'sam',510
14000880,14000880019,'LN',511
14000880,14000880019,'VNJA',512
14000880,14000880019,'dim',513
14000880,14000880019,'lun-ven',514
14000880,14000880019,'sam',515
14000885,14000885019,'LN',516
14000885,14000885019,'VNJA',517
14000885,14000885019,'dim',518
14000885,14000885019,'lun-ven',519
14000885,14000885019,'sam',520
14000890,14000890019,'LN',521
14000890,14000890019,'VNJA',522
14000890,14000890019,'dim',523
14000890,14000890019,'lun-ven',524
14000890,14000890019,'sam',525
14000892,14000892019,'LN',526
14000892,14000892019,'VNJA',527
14000892,14000892019,'dim',528
14000892,14000892019,'lun-ven',529
14000892,14000892019,'sam',530
14000895,14000895019,'LN',531
14000895,14000895019,'VNJA',532
14000895,14000895019,'dim',533
14000895,14000895019,'lun-ven',534
14000895,14000895019,'sam',535
14190600,14190600019,'NSTF',536
18000300,18000300019,'LN',537,538
18000300,18000300019,'VNJA',539,540
18000300,18000300019,'dim',541,542
18000300,18000300019,'lun-ven',543,544
18000300,18000300019,'sam',545,546
18000310,18000310019,'LN',547
18000310,18000310019,'VNJA',548
18000310,18000310019,'dim',549
18000310,18000310019,'lun-ven',550
18000310,18000310019,'sam',551
18000325,18000325019,'LN',552
18000325,18000325019,'VNJA',553
18000325,18000325019,'dim',554
18000325,18000325019,'lun-ven',555
18000325,18000325019,'sam',556
22000200,22000200019,'LN',557,558,559,560,561,562,563
22000200,22000200019,'VNJA',564,565,566,567,568,569,570
22000200,22000200019,'dim',571,572,573,574,575,576,577
22000200,22000200019,'lun-ven',578,579,580,581,582,583,584
22000200,22000200019,'sam',585,586,587,588,589,590,591
22000210,22000210019,'LN',592
22000210,22000210019,'VNJA',593
22000210,22000210019,'dim',594
22000210,22000210019,'lun-ven',595
22000210,22000210019,'sam',596
22000220,22000220019,'LN',597
22000220,22000220019,'VNJA',598
22000220,22000220019,'dim',599
22000220,22000220019,'lun-ven',600
22000220,22000220019,'sam',601
22000230,22000230019,'LN',602
22000230,22000230019,'VNJA',603
22000230,22000230019,'dim',604
22000230,22000230019,'lun-ven',605
22000230,22000230019,'sam',606
22000235,22000235019,'LN',607
22000235,22000235019,'VNJA',608
22000235,22000235019,'dim',609
22000235,22000235019,'lun-ven',610
22000235,22000235019,'sam',611
22000240,22000240019,'LN',612
22000240,22000240019,'VNJA',613
22000240,22000240019,'dim',614
22000240,22000240019,'lun-ven',615
22000240,22000240019,'sam',616
22000250,22000250019,'LN',617
22000250,22000250019,'VNJA',618
22000250,22000250019,'dim',619
22000250,22000250019,'lun-ven',620
22000250,22000250019,'sam',621
22000260,22000260019,'LN',622
22000260,22000260019,'VNJA',623
22000260,22000260019,'dim',624
22000260,22000260019,'lun-ven',625
22000260,22000260019,'sam',626
