14000800019,'LN',12,,10058,2,4,,2,913,,10059,2,4,,2,30,,10060,2,4,,2,70,,10071,2,4,,2,30,,10080,2,4,,2,70,,10081,2,4,,2,30,,10082,2,4,,2,70,,10083,2,4,,2,30,,10084,2,4,,2,70,,10085,2,4,,2,30,,10086,2,4,,2,70,,10061,2,4,,2,30,,10062,2,4,,2,70,,10063,2,4,,2,30,,10064,2,4,,2,70,,10065,2,4,,2,30,,10066,2,4,,2,70,,10067,2,4,,2,30,,10068,2,4,,2,70,,10069,2,4,,2,30,,10070,2,4,,2,70,,10072,2,4,,2,30,,10073,2,4,,2,70,,10074,2,4,,2,30,,10075,2,4,,2,70,,10076,2,4,,2,30,,10077,2,4,,2,70,,10078,2,4,,2,30,,10079,2,4,,2
14000800019,'VNJA',12,,10416,2,4,,2,713,,10417,2,4,,2,30,,10418,2,4,,2,70,,10429,2,4,,2,30,,10432,2,4,,2,70,,10433,2,4,,2,30,,10434,2,4,,2,70,,10435,2,4,,2,30,,10436,2,4,,2,70,,10437,2,4,,2,30,,10438,2,4,,2,70,,10419,2,4,,2,30,,10420,2,4,,2,70,,10421,2,4,,2,30,,10422,2,4,,2,70,,10423,2,4,,2,30,,10424,2,4,,2,70,,10425,2,4,,2,30,,10426,2,4,,2,70,,10427,2,4,,2,30,,10428,2,4,,2,70,,10430,2,4,,2,30,,10431,2,4,,2
14000800019,'dim',12,,10706,2,4,,2,913,,10707,2,4,,2,30,,10708,2,4,,2,70,,10717,2,4,,2,30,,10718,2,4,,2,70,,10719,2,4,,2,30,,10720,2,4,,2,70,,10721,2,4,,2,30,,10722,2,4,,2,70,,10723,2,4,,2,30,,10724,2,4,,2,70,,10709,2,4,,2,30,,10710,2,4,,2,70,,10711,2,4,,2,30,,10712,2,4,,2,70,,10713,2,4,,2,30,,10714,2,4,,2,70,,10715,2,4,,2,30,,10716,2,4,,2
14000800019,'lun-ven',12,,11084,2,4,,2,713,,11085,2,4,,2,30,,11086,2,4,,2,70,,11097,2,4,,2,30,,11108,2,4,,2,70,,11111,2,4,,2,30,,11112,2,4,,2,70,,11113,2,4,,2,30,,11114,2,4,,2,70,,11115,2,4,,2,30,,11116,2,4,,2,70,,11087,2,4,,2,30,,11088,2,4,,2,70,,11089,2,4,,2,30,,11090,2,4,,2,70,,11091,2,4,,2,30,,11092,2,4,,2,70,,11093,2,4,,2,30,,11094,2,4,,2,70,,11095,2,4,,2,30,,11096,2,4,,2,70,,11098,2,4,,2,30,,11099,2,4,,2,70,,11100,2,4,,2,30,,11101,2,4,,2,70,,11102,2,4,,2,30,,11103,2,4,,2,70,,11104,2,4,,2,30,,11105,2,4,,2,70,,11106,2,4,,2,30,,11107,2,4,,2,70,,11109,2,4,,2,30,,11110,2,4,,2
14000800019,'sam',12,,11450,2,4,,2,813,,11451,2,4,,2,30,,11452,2,4,,2,70,,11463,2,4,,2,30,,11464,2,4,,2,70,,11465,2,4,,2,30,,11466,2,4,,2,70,,11467,2,4,,2,30,,11468,2,4,,2,70,,11469,2,4,,2,30,,11470,2,4,,2,70,,11453,2,4,,2,30,,11454,2,4,,2,70,,11455,2,4,,2,30,,11456,2,4,,2,70,,11457,2,4,,2,30,,11458,2,4,,2,70,,11459,2,4,,2,30,,11460,2,4,,2,70,,11461,2,4,,2,30,,11462,2,4,,2
14000878019,'LN',0,,12611,1,,,2,858,,12612,1,,,2,70,,12613,1,,,2,30,,12624,1,,,2,70,,12634,1,,,2,30,,12635,1,,,2,70,,12636,1,,,2,30,,12637,1,,,2,70,,12638,1,,,2,30,,12639,1,,,2,70,,12640,1,,,2,30,,12614,1,,,2,70,,12615,1,,,2,30,,12616,1,,,2,70,,12617,1,,,2,30,,12618,1,,,2,70,,12619,1,,,2,30,,12620,1,,,2,70,,12621,1,,,2,30,,12622,1,,,2,70,,12623,1,,,2,30,,12625,1,,,2,70,,12626,1,,,2,30,,12627,1,,,2,70,,12628,1,,,2,30,,12629,1,,,2,70,,12630,1,,,2,30,,12631,1,,,2,70,,12632,1,,,2,30,,12633,1,,,2
14000878019,'VNJA',0,,12641,1,,,2,658,,12642,1,,,2,70,,12643,1,,,2,30,,12654,1,,,2,70,,12658,1,,,2,30,,12659,1,,,2,70,,12660,1,,,2,30,,12661,1,,,2,70,,12662,1,,,2,30,,12663,1,,,2,70,,12664,1,,,2,30,,12644,1,,,2,70,,12645,1,,,2,30,,12646,1,,,2,70,,12647,1,,,2,30,,12648,1,,,2,70,,12649,1,,,2,30,,12650,1,,,2,70,,12651,1,,,2,30,,12652,1,,,2,70,,12653,1,,,2,30,,12655,1,,,2,70,,12656,1,,,2,30,,12657,1,,,2
14000878019,'dim',0,,12665,1,,,2,858,,12666,1,,,2,70,,12667,1,,,2,30,,12677,1,,,2,70,,12678,1,,,2,30,,12679,1,,,2,70,,12680,1,,,2,30,,12681,1,,,2,70,,12682,1,,,2,30,,12683,1,,,2,70,,12684,1,,,2,30,,12668,1,,,2,70,,12669,1,,,2,30,,12670,1,,,2,70,,12671,1,,,2,30,,12672,1,,,2,70,,12673,1,,,2,30,,12674,1,,,2,70,,12675,1,,,2,30,,12676,1,,,2
14000878019,'lun-ven',0,,12685,1,,,2,658,,12686,1,,,2,70,,12687,1,,,2,30,,12698,1,,,2,70,,12709,1,,,2,30,,12713,1,,,2,70,,12714,1,,,2,30,,12715,1,,,2,70,,12716,1,,,2,30,,12717,1,,,2,70,,12718,1,,,2,30,,12688,1,,,2,70,,12689,1,,,2,30,,12690,1,,,2,70,,12691,1,,,2,30,,12692,1,,,2,70,,12693,1,,,2,30,,12694,1,,,2,70,,12695,1,,,2,30,,12696,1,,,2,70,,12697,1,,,2,30,,12699,1,,,2,70,,12700,1,,,2,30,,12701,1,,,2,70,,12702,1,,,2,30,,12703,1,,,2,70,,12704,1,,,2,30,,12705,1,,,2,70,,12706,1,,,2,30,,12707,1,,,2,70,,12708,1,,,2,30,,12710,1,,,2,70,,12711,1,,,2,30,,12712,1,,,2
14000878019,'sam',0,,12719,1,,,2,758,,12720,1,,,2,70,,12721,1,,,2,30,,12732,1,,,2,70,,12734,1,,,2,30,,12735,1,,,2,70,,12736,1,,,2,30,,12737,1,,,2,70,,12738,1,,,2,30,,12739,1,,,2,70,,12740,1,,,2,30,,12722,1,,,2,70,,12723,1,,,2,30,,12724,1,,,2,70,,12725,1,,,2,30,,12726,1,,,2,70,,12727,1,,,2,30,,12728,1,,,2,70,,12729,1,,,2,30,,12730,1,,,2,70,,12731,1,,,2,30,,12733,1,,,2
