22000200019,'LN',6,,14073,2,4,,2,918,,14074,2,4,,2,30,,14075,2,4,,2,70,,14086,2,4,,2,30,,14095,2,4,,2,70,,14096,2,4,,2,30,,14097,2,4,,2,70,,14098,2,4,,2,30,,14099,2,4,,2,70,,14100,2,4,,2,30,,14101,2,4,,2,70,,14076,2,4,,2,30,,14077,2,4,,2,70,,14078,2,4,,2,30,,14079,2,4,,2,70,,14080,2,4,,2,30,,14081,2,4,,2,70,,14082,2,4,,2,30,,14083,2,4,,2,70,,14084,2,4,,2,30,,14085,2,4,,2,70,,14087,2,4,,2,30,,14088,2,4,,2,70,,14089,2,4,,2,30,,14090,2,4,,2,70,,14091,2,4,,2,30,,14092,2,4,,2,70,,14093,2,4,,2,30,,14094,2,4,,2
22000200019,'VNJA',6,,14240,2,4,,2,718,,14241,2,4,,2,30,,14242,2,4,,2,70,,14253,2,4,,2,30,,14256,2,4,,2,70,,14257,2,4,,2,30,,14258,2,4,,2,70,,14259,2,4,,2,30,,14260,2,4,,2,70,,14261,2,4,,2,30,,14262,2,4,,2,70,,14243,2,4,,2,30,,14244,2,4,,2,70,,14245,2,4,,2,30,,14246,2,4,,2,70,,14247,2,4,,2,30,,14248,2,4,,2,70,,14249,2,4,,2,30,,14250,2,4,,2,70,,14251,2,4,,2,30,,14252,2,4,,2,70,,14254,2,4,,2,30,,14255,2,4,,2
22000200019,'dim',6,,14377,2,4,,2,918,,14378,2,4,,2,30,,14379,2,4,,2,70,,14388,2,4,,2,30,,14389,2,4,,2,70,,14390,2,4,,2,30,,14391,2,4,,2,70,,14392,2,4,,2,30,,14393,2,4,,2,70,,14394,2,4,,2,30,,14395,2,4,,2,70,,14380,2,4,,2,30,,14381,2,4,,2,70,,14382,2,4,,2,30,,14383,2,4,,2,70,,14384,2,4,,2,30,,14385,2,4,,2,70,,14386,2,4,,2,30,,14387,2,4,,2
22000200019,'lun-ven',6,,14594,2,4,,2,718,,14595,2,4,,2,30,,14596,2,4,,2,70,,14607,2,4,,2,30,,14618,2,4,,2,70,,14621,2,4,,2,30,,14622,2,4,,2,70,,14623,2,4,,2,30,,14624,2,4,,2,70,,14625,2,4,,2,30,,14626,2,4,,2,70,,14597,2,4,,2,30,,14598,2,4,,2,70,,14599,2,4,,2,30,,14600,2,4,,2,70,,14601,2,4,,2,30,,14602,2,4,,2,70,,14603,2,4,,2,30,,14604,2,4,,2,70,,14605,2,4,,2,30,,14606,2,4,,2,70,,14608,2,4,,2,30,,14609,2,4,,2,70,,14610,2,4,,2,30,,14611,2,4,,2,70,,14612,2,4,,2,30,,14613,2,4,,2,70,,14614,2,4,,2,30,,14615,2,4,,2,70,,14616,2,4,,2,30,,14617,2,4,,2,70,,14619,2,4,,2,30,,14620,2,4,,2
22000200019,'sam',6,,14753,2,4,,2,818,,14754,2,4,,2,30,,14755,2,4,,2,70,,14766,2,4,,2,30,,14767,2,4,,2,70,,14768,2,4,,2,30,,14769,2,4,,2,70,,14770,2,4,,2,30,,14771,2,4,,2,70,,14772,2,4,,2,30,,14773,2,4,,2,70,,14756,2,4,,2,30,,14757,2,4,,2,70,,14758,2,4,,2,30,,14759,2,4,,2,70,,14760,2,4,,2,30,,14761,2,4,,2,70,,14762,2,4,,2,30,,14763,2,4,,2,70,,14764,2,4,,2,30,,14765,2,4,,2
22000260019,'LN',0,,15524,1,,,2,903,,15525,1,,,2,30,,15526,1,,,2,70,,15537,1,,,2,30,,15546,1,,,2,70,,15547,1,,,2,30,,15548,1,,,2,70,,15549,1,,,2,30,,15550,1,,,2,70,,15551,1,,,2,30,,15552,1,,,2,70,,15527,1,,,2,30,,15528,1,,,2,70,,15529,1,,,2,30,,15530,1,,,2,70,,15531,1,,,2,30,,15532,1,,,2,70,,15533,1,,,2,30,,15534,1,,,2,70,,15535,1,,,2,30,,15536,1,,,2,70,,15538,1,,,2,30,,15539,1,,,2,70,,15540,1,,,2,30,,15541,1,,,2,70,,15542,1,,,2,30,,15543,1,,,2,70,,15544,1,,,2,30,,15545,1,,,2
22000260019,'VNJA',0,,15553,1,,,2,703,,15554,1,,,2,30,,15555,1,,,2,70,,15566,1,,,2,30,,15569,1,,,2,70,,15570,1,,,2,30,,15571,1,,,2,70,,15572,1,,,2,30,,15573,1,,,2,70,,15574,1,,,2,30,,15575,1,,,2,70,,15556,1,,,2,30,,15557,1,,,2,70,,15558,1,,,2,30,,15559,1,,,2,70,,15560,1,,,2,30,,15561,1,,,2,70,,15562,1,,,2,30,,15563,1,,,2,70,,15564,1,,,2,30,,15565,1,,,2,70,,15567,1,,,2,30,,15568,1,,,2
22000260019,'dim',0,,15576,1,,,2,903,,15577,1,,,2,30,,15578,1,,,2,70,,15587,1,,,2,30,,15588,1,,,2,70,,15589,1,,,2,30,,15590,1,,,2,70,,15591,1,,,2,30,,15592,1,,,2,70,,15593,1,,,2,30,,15594,1,,,2,70,,15579,1,,,2,30,,15580,1,,,2,70,,15581,1,,,2,30,,15582,1,,,2,70,,15583,1,,,2,30,,15584,1,,,2,70,,15585,1,,,2,30,,15586,1,,,2
22000260019,'lun-ven',0,,15595,1,,,2,703,,15596,1,,,2,30,,15597,1,,,2,70,,15608,1,,,2,30,,15619,1,,,2,70,,15622,1,,,2,30,,15623,1,,,2,70,,15624,1,,,2,30,,15625,1,,,2,70,,15626,1,,,2,30,,15627,1,,,2,70,,15598,1,,,2,30,,15599,1,,,2,70,,15600,1,,,2,30,,15601,1,,,2,70,,15602,1,,,2,30,,15603,1,,,2,70,,15604,1,,,2,30,,15605,1,,,2,70,,15606,1,,,2,30,,15607,1,,,2,70,,15609,1,,,2,30,,15610,1,,,2,70,,15611,1,,,2,30,,15612,1,,,2,70,,15613,1,,,2,30,,15614,1,,,2,70,,15615,1,,,2,30,,15616,1,,,2,70,,15617,1,,,2,30,,15618,1,,,2,70,,15620,1,,,2,30,,15621,1,,,2
22000260019,'sam',0,,15628,1,,,2,803,,15629,1,,,2,30,,15630,1,,,2,70,,15641,1,,,2,30,,15642,1,,,2,70,,15643,1,,,2,30,,15644,1,,,2,70,,15645,1,,,2,30,,15646,1,,,2,70,,15647,1,,,2,30,,15648,1,,,2,70,,15631,1,,,2,30,,15632,1,,,2,70,,15633,1,,,2,30,,15634,1,,,2,70,,15635,1,,,2,30,,15636,1,,,2,70,,15637,1,,,2,30,,15638,1,,,2,70,,15639,1,,,2,30,,15640,1,,,2
