319600019,'LN',15,,1222,2,4,,2,913,,1223,2,4,,2,30,,1224,2,4,,2,70,,1235,2,4,,2,30,,1244,2,4,,2,70,,1245,2,4,,2,30,,1246,2,4,,2,70,,1247,2,4,,2,30,,1248,2,4,,2,70,,1249,2,4,,2,30,,1250,2,4,,2,70,,1225,2,4,,2,30,,1226,2,4,,2,70,,1227,2,4,,2,30,,1228,2,4,,2,70,,1229,2,4,,2,30,,1230,2,4,,2,70,,1231,2,4,,2,30,,1232,2,4,,2,70,,1233,2,4,,2,30,,1234,2,4,,2,70,,1236,2,4,,2,30,,1237,2,4,,2,70,,1238,2,4,,2,30,,1239,2,4,,2,70,,1240,2,4,,2,30,,1241,2,4,,2,70,,1242,2,4,,2,30,,1243,2,4,,2
319600019,'VNJA',15,,1303,2,4,,2,713,,1304,2,4,,2,30,,1305,2,4,,2,70,,1316,2,4,,2,30,,1319,2,4,,2,70,,1320,2,4,,2,30,,1321,2,4,,2,70,,1322,2,4,,2,30,,1323,2,4,,2,70,,1324,2,4,,2,30,,1325,2,4,,2,70,,1306,2,4,,2,30,,1307,2,4,,2,70,,1308,2,4,,2,30,,1309,2,4,,2,70,,1310,2,4,,2,30,,1311,2,4,,2,70,,1312,2,4,,2,30,,1313,2,4,,2,70,,1314,2,4,,2,30,,1315,2,4,,2,70,,1317,2,4,,2,30,,1318,2,4,,2
319600019,'dim',15,,1368,2,4,,2,913,,1369,2,4,,2,30,,1370,2,4,,2,70,,1379,2,4,,2,30,,1380,2,4,,2,70,,1381,2,4,,2,30,,1382,2,4,,2,70,,1383,2,4,,2,30,,1384,2,4,,2,70,,1385,2,4,,2,30,,1386,2,4,,2,70,,1371,2,4,,2,30,,1372,2,4,,2,70,,1373,2,4,,2,30,,1374,2,4,,2,70,,1375,2,4,,2,30,,1376,2,4,,2,70,,1377,2,4,,2,30,,1378,2,4,,2
319600019,'lun-ven',15,,1439,2,4,,2,713,,1440,2,4,,2,30,,1441,2,4,,2,70,,1452,2,4,,2,30,,1463,2,4,,2,70,,1466,2,4,,2,30,,1467,2,4,,2,70,,1468,2,4,,2,30,,1469,2,4,,2,70,,1470,2,4,,2,30,,1471,2,4,,2,70,,1442,2,4,,2,30,,1443,2,4,,2,70,,1444,2,4,,2,30,,1445,2,4,,2,70,,1446,2,4,,2,30,,1447,2,4,,2,70,,1448,2,4,,2,30,,1449,2,4,,2,70,,1450,2,4,,2,30,,1451,2,4,,2,70,,1453,2,4,,2,30,,1454,2,4,,2,70,,1455,2,4,,2,30,,1456,2,4,,2,70,,1457,2,4,,2,30,,1458,2,4,,2,70,,1459,2,4,,2,30,,1460,2,4,,2,70,,1461,2,4,,2,30,,1462,2,4,,2,70,,1464,2,4,,2,30,,1465,2,4,,2
319600019,'sam',15,,1526,2,4,,2,813,,1527,2,4,,2,30,,1528,2,4,,2,70,,1539,2,4,,2,30,,1540,2,4,,2,70,,1541,2,4,,2,30,,1542,2,4,,2,70,,1543,2,4,,2,30,,1544,2,4,,2,70,,1545,2,4,,2,30,,1546,2,4,,2,70,,1529,2,4,,2,30,,1530,2,4,,2,70,,1531,2,4,,2,30,,1532,2,4,,2,70,,1533,2,4,,2,30,,1534,2,4,,2,70,,1535,2,4,,2,30,,1536,2,4,,2,70,,1537,2,4,,2,30,,1538,2,4,,2
319615019,'LN',0,,1698,1,,,2,854,,1699,1,,,2,70,,1700,1,,,2,30,,1711,1,,,2,70,,1721,1,,,2,30,,1722,1,,,2,70,,1723,1,,,2,30,,1724,1,,,2,70,,1725,1,,,2,30,,1726,1,,,2,70,,1727,1,,,2,30,,1701,1,,,2,70,,1702,1,,,2,30,,1703,1,,,2,70,,1704,1,,,2,30,,1705,1,,,2,70,,1706,1,,,2,30,,1707,1,,,2,70,,1708,1,,,2,30,,1709,1,,,2,70,,1710,1,,,2,30,,1712,1,,,2,70,,1713,1,,,2,30,,1714,1,,,2,70,,1715,1,,,2,30,,1716,1,,,2,70,,1717,1,,,2,30,,1718,1,,,2,70,,1719,1,,,2,30,,1720,1,,,2
319615019,'VNJA',0,,1728,1,,,2,654,,1729,1,,,2,70,,1730,1,,,2,30,,1741,1,,,2,70,,1745,1,,,2,30,,1746,1,,,2,70,,1747,1,,,2,30,,1748,1,,,2,70,,1749,1,,,2,30,,1750,1,,,2,70,,1751,1,,,2,30,,1731,1,,,2,70,,1732,1,,,2,30,,1733,1,,,2,70,,1734,1,,,2,30,,1735,1,,,2,70,,1736,1,,,2,30,,1737,1,,,2,70,,1738,1,,,2,30,,1739,1,,,2,70,,1740,1,,,2,30,,1742,1,,,2,70,,1743,1,,,2,30,,1744,1,,,2
319615019,'dim',0,,1752,1,,,2,854,,1753,1,,,2,70,,1754,1,,,2,30,,1764,1,,,2,70,,1765,1,,,2,30,,1766,1,,,2,70,,1767,1,,,2,30,,1768,1,,,2,70,,1769,1,,,2,30,,1770,1,,,2,70,,1771,1,,,2,30,,1755,1,,,2,70,,1756,1,,,2,30,,1757,1,,,2,70,,1758,1,,,2,30,,1759,1,,,2,70,,1760,1,,,2,30,,1761,1,,,2,70,,1762,1,,,2,30,,1763,1,,,2
319615019,'lun-ven',0,,1772,1,,,2,654,,1773,1,,,2,70,,1774,1,,,2,30,,1785,1,,,2,70,,1796,1,,,2,30,,1800,1,,,2,70,,1801,1,,,2,30,,1802,1,,,2,70,,1803,1,,,2,30,,1804,1,,,2,70,,1805,1,,,2,30,,1775,1,,,2,70,,1776,1,,,2,30,,1777,1,,,2,70,,1778,1,,,2,30,,1779,1,,,2,70,,1780,1,,,2,30,,1781,1,,,2,70,,1782,1,,,2,30,,1783,1,,,2,70,,1784,1,,,2,30,,1786,1,,,2,70,,1787,1,,,2,30,,1788,1,,,2,70,,1789,1,,,2,30,,1790,1,,,2,70,,1791,1,,,2,30,,1792,1,,,2,70,,1793,1,,,2,30,,1794,1,,,2,70,,1795,1,,,2,30,,1797,1,,,2,70,,1798,1,,,2,30,,1799,1,,,2
319615019,'sam',0,,1806,1,,,2,754,,1807,1,,,2,70,,1808,1,,,2,30,,1819,1,,,2,70,,1821,1,,,2,30,,1822,1,,,2,70,,1823,1,,,2,30,,1824,1,,,2,70,,1825,1,,,2,30,,1826,1,,,2,70,,1827,1,,,2,30,,1809,1,,,2,70,,1810,1,,,2,30,,1811,1,,,2,70,,1812,1,,,2,30,,1813,1,,,2,70,,1814,1,,,2,30,,1815,1,,,2,70,,1816,1,,,2,30,,1817,1,,,2,70,,1818,1,,,2,30,,1820,1,,,2
