3000700019,'LN',11,,2978,2,4,,2,909,,2979,2,4,,2,30,,2980,2,4,,2,70,,2991,2,4,,2,30,,3000,2,4,,2,70,,3001,2,4,,2,30,,3002,2,4,,2,70,,3003,2,4,,2,30,,3004,2,4,,2,70,,3005,2,4,,2,30,,3006,2,4,,2,70,,2981,2,4,,2,30,,2982,2,4,,2,70,,2983,2,4,,2,30,,2984,2,4,,2,70,,2985,2,4,,2,30,,2986,2,4,,2,70,,2987,2,4,,2,30,,2988,2,4,,2,70,,2989,2,4,,2,30,,2990,2,4,,2,70,,2992,2,4,,2,30,,2993,2,4,,2,70,,2994,2,4,,2,30,,2995,2,4,,2,70,,2996,2,4,,2,30,,2997,2,4,,2,70,,2998,2,4,,2,30,,2999,2,4,,2
3000700019,'VNJA',11,,3065,2,4,,2,709,,3066,2,4,,2,30,,3067,2,4,,2,70,,3078,2,4,,2,30,,3081,2,4,,2,70,,3082,2,4,,2,30,,3083,2,4,,2,70,,3084,2,4,,2,30,,3085,2,4,,2,70,,3086,2,4,,2,30,,3087,2,4,,2,70,,3068,2,4,,2,30,,3069,2,4,,2,70,,3070,2,4,,2,30,,3071,2,4,,2,70,,3072,2,4,,2,30,,3073,2,4,,2,70,,3074,2,4,,2,30,,3075,2,4,,2,70,,3076,2,4,,2,30,,3077,2,4,,2,70,,3079,2,4,,2,30,,3080,2,4,,2
3000700019,'dim',11,,3134,2,4,,2,909,,3135,2,4,,2,30,,3136,2,4,,2,70,,3145,2,4,,2,30,,3146,2,4,,2,70,,3147,2,4,,2,30,,3148,2,4,,2,70,,3149,2,4,,2,30,,3150,2,4,,2,70,,3151,2,4,,2,30,,3152,2,4,,2,70,,3137,2,4,,2,30,,3138,2,4,,2,70,,3139,2,4,,2,30,,3140,2,4,,2,70,,3141,2,4,,2,30,,3142,2,4,,2,70,,3143,2,4,,2,30,,3144,2,4,,2
3000700019,'lun-ven',11,,3191,2,4,,2,709,,3192,2,4,,2,30,,3193,2,4,,2,70,,3204,2,4,,2,30,,3215,2,4,,2,70,,3218,2,4,,2,30,,3219,2,4,,2,70,,3220,2,4,,2,30,,3221,2,4,,2,70,,3222,2,4,,2,30,,3223,2,4,,2,70,,3194,2,4,,2,30,,3195,2,4,,2,70,,3196,2,4,,2,30,,3197,2,4,,2,70,,3198,2,4,,2,30,,3199,2,4,,2,70,,3200,2,4,,2,30,,3201,2,4,,2,70,,3202,2,4,,2,30,,3203,2,4,,2,70,,3205,2,4,,2,30,,3206,2,4,,2,70,,3207,2,4,,2,30,,3208,2,4,,2,70,,3209,2,4,,2,30,,3210,2,4,,2,70,,3211,2,4,,2,30,,3212,2,4,,2,70,,3213,2,4,,2,30,,3214,2,4,,2,70,,3216,2,4,,2,30,,3217,2,4,,2
3000700019,'sam',11,,3290,2,4,,2,809,,3291,2,4,,2,30,,3292,2,4,,2,70,,3303,2,4,,2,30,,3304,2,4,,2,70,,3305,2,4,,2,30,,3306,2,4,,2,70,,3307,2,4,,2,30,,3308,2,4,,2,70,,3309,2,4,,2,30,,3310,2,4,,2,70,,3293,2,4,,2,30,,3294,2,4,,2,70,,3295,2,4,,2,30,,3296,2,4,,2,70,,3297,2,4,,2,30,,3298,2,4,,2,70,,3299,2,4,,2,30,,3300,2,4,,2,70,,3301,2,4,,2,30,,3302,2,4,,2
3000710019,'LN',0,,3353,1,,,2,855,,3354,1,,,2,70,,3355,1,,,2,30,,3366,1,,,2,70,,3376,1,,,2,30,,3377,1,,,2,70,,3378,1,,,2,30,,3379,1,,,2,70,,3380,1,,,2,30,,3381,1,,,2,70,,3382,1,,,2,30,,3356,1,,,2,70,,3357,1,,,2,30,,3358,1,,,2,70,,3359,1,,,2,30,,3360,1,,,2,70,,3361,1,,,2,30,,3362,1,,,2,70,,3363,1,,,2,30,,3364,1,,,2,70,,3365,1,,,2,30,,3367,1,,,2,70,,3368,1,,,2,30,,3369,1,,,2,70,,3370,1,,,2,30,,3371,1,,,2,70,,3372,1,,,2,30,,3373,1,,,2,70,,3374,1,,,2,30,,3375,1,,,2
3000710019,'VNJA',0,,3383,1,,,2,655,,3384,1,,,2,70,,3385,1,,,2,30,,3396,1,,,2,70,,3400,1,,,2,30,,3401,1,,,2,70,,3402,1,,,2,30,,3403,1,,,2,70,,3404,1,,,2,30,,3405,1,,,2,70,,3406,1,,,2,30,,3386,1,,,2,70,,3387,1,,,2,30,,3388,1,,,2,70,,3389,1,,,2,30,,3390,1,,,2,70,,3391,1,,,2,30,,3392,1,,,2,70,,3393,1,,,2,30,,3394,1,,,2,70,,3395,1,,,2,30,,3397,1,,,2,70,,3398,1,,,2,30,,3399,1,,,2
3000710019,'dim',0,,3407,1,,,2,855,,3408,1,,,2,70,,3409,1,,,2,30,,3419,1,,,2,70,,3420,1,,,2,30,,3421,1,,,2,70,,3422,1,,,2,30,,3423,1,,,2,70,,3424,1,,,2,30,,3425,1,,,2,70,,3426,1,,,2,30,,3410,1,,,2,70,,3411,1,,,2,30,,3412,1,,,2,70,,3413,1,,,2,30,,3414,1,,,2,70,,3415,1,,,2,30,,3416,1,,,2,70,,3417,1,,,2,30,,3418,1,,,2
3000710019,'lun-ven',0,,3427,1,,,2,655,,3428,1,,,2,70,,3429,1,,,2,30,,3440,1,,,2,70,,3451,1,,,2,30,,3455,1,,,2,70,,3456,1,,,2,30,,3457,1,,,2,70,,3458,1,,,2,30,,3459,1,,,2,70,,3460,1,,,2,30,,3430,1,,,2,70,,3431,1,,,2,30,,3432,1,,,2,70,,3433,1,,,2,30,,3434,1,,,2,70,,3435,1,,,2,30,,3436,1,,,2,70,,3437,1,,,2,30,,3438,1,,,2,70,,3439,1,,,2,30,,3441,1,,,2,70,,3442,1,,,2,30,,3443,1,,,2,70,,3444,1,,,2,30,,3445,1,,,2,70,,3446,1,,,2,30,,3447,1,,,2,70,,3448,1,,,2,30,,3449,1,,,2,70,,3450,1,,,2,30,,3452,1,,,2,70,,3453,1,,,2,30,,3454,1,,,2
3000710019,'sam',0,,3461,1,,,2,755,,3462,1,,,2,70,,3463,1,,,2,30,,3474,1,,,2,70,,3476,1,,,2,30,,3477,1,,,2,70,,3478,1,,,2,30,,3479,1,,,2,70,,3480,1,,,2,30,,3481,1,,,2,70,,3482,1,,,2,30,,3464,1,,,2,70,,3465,1,,,2,30,,3466,1,,,2,70,,3467,1,,,2,30,,3468,1,,,2,70,,3469,1,,,2,30,,3470,1,,,2,70,,3471,1,,,2,30,,3472,1,,,2,70,,3473,1,,,2,30,,3475,1,,,2
