22000200019,'LN',6,,14015,2,4,,2,918,,14016,2,4,,2,30,,14017,2,4,,2,70,,14028,2,4,,2,30,,14037,2,4,,2,70,,14038,2,4,,2,30,,14039,2,4,,2,70,,14040,2,4,,2,30,,14041,2,4,,2,70,,14042,2,4,,2,30,,14043,2,4,,2,70,,14018,2,4,,2,30,,14019,2,4,,2,70,,14020,2,4,,2,30,,14021,2,4,,2,70,,14022,2,4,,2,30,,14023,2,4,,2,70,,14024,2,4,,2,30,,14025,2,4,,2,70,,14026,2,4,,2,30,,14027,2,4,,2,70,,14029,2,4,,2,30,,14030,2,4,,2,70,,14031,2,4,,2,30,,14032,2,4,,2,70,,14033,2,4,,2,30,,14034,2,4,,2,70,,14035,2,4,,2,30,,14036,2,4,,2
22000200019,'VNJA',6,,14194,2,4,,2,718,,14195,2,4,,2,30,,14196,2,4,,2,70,,14207,2,4,,2,30,,14210,2,4,,2,70,,14211,2,4,,2,30,,14212,2,4,,2,70,,14213,2,4,,2,30,,14214,2,4,,2,70,,14215,2,4,,2,30,,14216,2,4,,2,70,,14197,2,4,,2,30,,14198,2,4,,2,70,,14199,2,4,,2,30,,14200,2,4,,2,70,,14201,2,4,,2,30,,14202,2,4,,2,70,,14203,2,4,,2,30,,14204,2,4,,2,70,,14205,2,4,,2,30,,14206,2,4,,2,70,,14208,2,4,,2,30,,14209,2,4,,2
22000200019,'dim',6,,14339,2,4,,2,918,,14340,2,4,,2,30,,14341,2,4,,2,70,,14350,2,4,,2,30,,14351,2,4,,2,70,,14352,2,4,,2,30,,14353,2,4,,2,70,,14354,2,4,,2,30,,14355,2,4,,2,70,,14356,2,4,,2,30,,14357,2,4,,2,70,,14342,2,4,,2,30,,14343,2,4,,2,70,,14344,2,4,,2,30,,14345,2,4,,2,70,,14346,2,4,,2,30,,14347,2,4,,2,70,,14348,2,4,,2,30,,14349,2,4,,2
22000200019,'lun-ven',6,,14528,2,4,,2,718,,14529,2,4,,2,30,,14530,2,4,,2,70,,14541,2,4,,2,30,,14552,2,4,,2,70,,14555,2,4,,2,30,,14556,2,4,,2,70,,14557,2,4,,2,30,,14558,2,4,,2,70,,14559,2,4,,2,30,,14560,2,4,,2,70,,14531,2,4,,2,30,,14532,2,4,,2,70,,14533,2,4,,2,30,,14534,2,4,,2,70,,14535,2,4,,2,30,,14536,2,4,,2,70,,14537,2,4,,2,30,,14538,2,4,,2,70,,14539,2,4,,2,30,,14540,2,4,,2,70,,14542,2,4,,2,30,,14543,2,4,,2,70,,14544,2,4,,2,30,,14545,2,4,,2,70,,14546,2,4,,2,30,,14547,2,4,,2,70,,14548,2,4,,2,30,,14549,2,4,,2,70,,14550,2,4,,2,30,,14551,2,4,,2,70,,14553,2,4,,2,30,,14554,2,4,,2
22000200019,'sam',6,,14711,2,4,,2,818,,14712,2,4,,2,30,,14713,2,4,,2,70,,14724,2,4,,2,30,,14725,2,4,,2,70,,14726,2,4,,2,30,,14727,2,4,,2,70,,14728,2,4,,2,30,,14729,2,4,,2,70,,14730,2,4,,2,30,,14731,2,4,,2,70,,14714,2,4,,2,30,,14715,2,4,,2,70,,14716,2,4,,2,30,,14717,2,4,,2,70,,14718,2,4,,2,30,,14719,2,4,,2,70,,14720,2,4,,2,30,,14721,2,4,,2,70,,14722,2,4,,2,30,,14723,2,4,,2
22000240019,'LN',0,,15274,1,,,2,903,,15275,1,,,2,30,,15276,1,,,2,70,,15287,1,,,2,30,,15296,1,,,2,70,,15297,1,,,2,30,,15298,1,,,2,70,,15299,1,,,2,30,,15300,1,,,2,70,,15301,1,,,2,30,,15302,1,,,2,70,,15277,1,,,2,30,,15278,1,,,2,70,,15279,1,,,2,30,,15280,1,,,2,70,,15281,1,,,2,30,,15282,1,,,2,70,,15283,1,,,2,30,,15284,1,,,2,70,,15285,1,,,2,30,,15286,1,,,2,70,,15288,1,,,2,30,,15289,1,,,2,70,,15290,1,,,2,30,,15291,1,,,2,70,,15292,1,,,2,30,,15293,1,,,2,70,,15294,1,,,2,30,,15295,1,,,2
22000240019,'VNJA',0,,15303,1,,,2,703,,15304,1,,,2,30,,15305,1,,,2,70,,15316,1,,,2,30,,15319,1,,,2,70,,15320,1,,,2,30,,15321,1,,,2,70,,15322,1,,,2,30,,15323,1,,,2,70,,15324,1,,,2,30,,15325,1,,,2,70,,15306,1,,,2,30,,15307,1,,,2,70,,15308,1,,,2,30,,15309,1,,,2,70,,15310,1,,,2,30,,15311,1,,,2,70,,15312,1,,,2,30,,15313,1,,,2,70,,15314,1,,,2,30,,15315,1,,,2,70,,15317,1,,,2,30,,15318,1,,,2
22000240019,'dim',0,,15326,1,,,2,903,,15327,1,,,2,30,,15328,1,,,2,70,,15337,1,,,2,30,,15338,1,,,2,70,,15339,1,,,2,30,,15340,1,,,2,70,,15341,1,,,2,30,,15342,1,,,2,70,,15343,1,,,2,30,,15344,1,,,2,70,,15329,1,,,2,30,,15330,1,,,2,70,,15331,1,,,2,30,,15332,1,,,2,70,,15333,1,,,2,30,,15334,1,,,2,70,,15335,1,,,2,30,,15336,1,,,2
22000240019,'lun-ven',0,,15345,1,,,2,703,,15346,1,,,2,30,,15347,1,,,2,70,,15358,1,,,2,30,,15369,1,,,2,70,,15372,1,,,2,30,,15373,1,,,2,70,,15374,1,,,2,30,,15375,1,,,2,70,,15376,1,,,2,30,,15377,1,,,2,70,,15348,1,,,2,30,,15349,1,,,2,70,,15350,1,,,2,30,,15351,1,,,2,70,,15352,1,,,2,30,,15353,1,,,2,70,,15354,1,,,2,30,,15355,1,,,2,70,,15356,1,,,2,30,,15357,1,,,2,70,,15359,1,,,2,30,,15360,1,,,2,70,,15361,1,,,2,30,,15362,1,,,2,70,,15363,1,,,2,30,,15364,1,,,2,70,,15365,1,,,2,30,,15366,1,,,2,70,,15367,1,,,2,30,,15368,1,,,2,70,,15370,1,,,2,30,,15371,1,,,2
22000240019,'sam',0,,15378,1,,,2,803,,15379,1,,,2,30,,15380,1,,,2,70,,15391,1,,,2,30,,15392,1,,,2,70,,15393,1,,,2,30,,15394,1,,,2,70,,15395,1,,,2,30,,15396,1,,,2,70,,15397,1,,,2,30,,15398,1,,,2,70,,15381,1,,,2,30,,15382,1,,,2,70,,15383,1,,,2,30,,15384,1,,,2,70,,15385,1,,,2,30,,15386,1,,,2,70,,15387,1,,,2,30,,15388,1,,,2,70,,15389,1,,,2,30,,15390,1,,,2
