14000800019,'LN',8,,10029,2,4,,2,913,,10030,2,4,,2,30,,10031,2,4,,2,70,,10042,2,4,,2,30,,10051,2,4,,2,70,,10052,2,4,,2,30,,10053,2,4,,2,70,,10054,2,4,,2,30,,10055,2,4,,2,70,,10056,2,4,,2,30,,10057,2,4,,2,70,,10032,2,4,,2,30,,10033,2,4,,2,70,,10034,2,4,,2,30,,10035,2,4,,2,70,,10036,2,4,,2,30,,10037,2,4,,2,70,,10038,2,4,,2,30,,10039,2,4,,2,70,,10040,2,4,,2,30,,10041,2,4,,2,70,,10043,2,4,,2,30,,10044,2,4,,2,70,,10045,2,4,,2,30,,10046,2,4,,2,70,,10047,2,4,,2,30,,10048,2,4,,2,70,,10049,2,4,,2,30,,10050,2,4,,2
14000800019,'VNJA',8,,10393,2,4,,2,713,,10394,2,4,,2,30,,10395,2,4,,2,70,,10406,2,4,,2,30,,10409,2,4,,2,70,,10410,2,4,,2,30,,10411,2,4,,2,70,,10412,2,4,,2,30,,10413,2,4,,2,70,,10414,2,4,,2,30,,10415,2,4,,2,70,,10396,2,4,,2,30,,10397,2,4,,2,70,,10398,2,4,,2,30,,10399,2,4,,2,70,,10400,2,4,,2,30,,10401,2,4,,2,70,,10402,2,4,,2,30,,10403,2,4,,2,70,,10404,2,4,,2,30,,10405,2,4,,2,70,,10407,2,4,,2,30,,10408,2,4,,2
14000800019,'dim',8,,10687,2,4,,2,913,,10688,2,4,,2,30,,10689,2,4,,2,70,,10698,2,4,,2,30,,10699,2,4,,2,70,,10700,2,4,,2,30,,10701,2,4,,2,70,,10702,2,4,,2,30,,10703,2,4,,2,70,,10704,2,4,,2,30,,10705,2,4,,2,70,,10690,2,4,,2,30,,10691,2,4,,2,70,,10692,2,4,,2,30,,10693,2,4,,2,70,,10694,2,4,,2,30,,10695,2,4,,2,70,,10696,2,4,,2,30,,10697,2,4,,2
14000800019,'lun-ven',8,,11051,2,4,,2,713,,11052,2,4,,2,30,,11053,2,4,,2,70,,11064,2,4,,2,30,,11075,2,4,,2,70,,11078,2,4,,2,30,,11079,2,4,,2,70,,11080,2,4,,2,30,,11081,2,4,,2,70,,11082,2,4,,2,30,,11083,2,4,,2,70,,11054,2,4,,2,30,,11055,2,4,,2,70,,11056,2,4,,2,30,,11057,2,4,,2,70,,11058,2,4,,2,30,,11059,2,4,,2,70,,11060,2,4,,2,30,,11061,2,4,,2,70,,11062,2,4,,2,30,,11063,2,4,,2,70,,11065,2,4,,2,30,,11066,2,4,,2,70,,11067,2,4,,2,30,,11068,2,4,,2,70,,11069,2,4,,2,30,,11070,2,4,,2,70,,11071,2,4,,2,30,,11072,2,4,,2,70,,11073,2,4,,2,30,,11074,2,4,,2,70,,11076,2,4,,2,30,,11077,2,4,,2
14000800019,'sam',8,,11429,2,4,,2,813,,11430,2,4,,2,30,,11431,2,4,,2,70,,11442,2,4,,2,30,,11443,2,4,,2,70,,11444,2,4,,2,30,,11445,2,4,,2,70,,11446,2,4,,2,30,,11447,2,4,,2,70,,11448,2,4,,2,30,,11449,2,4,,2,70,,11432,2,4,,2,30,,11433,2,4,,2,70,,11434,2,4,,2,30,,11435,2,4,,2,70,,11436,2,4,,2,30,,11437,2,4,,2,70,,11438,2,4,,2,30,,11439,2,4,,2,70,,11440,2,4,,2,30,,11441,2,4,,2
14000875019,'LN',0,,12486,1,,,2,902,,12487,1,,,2,30,,12488,1,,,2,70,,12499,1,,,2,30,,12508,1,,,2,70,,12509,1,,,2,30,,12510,1,,,2,70,,12511,1,,,2,30,,12512,1,,,2,70,,12513,1,,,2,30,,12514,1,,,2,70,,12489,1,,,2,30,,12490,1,,,2,70,,12491,1,,,2,30,,12492,1,,,2,70,,12493,1,,,2,30,,12494,1,,,2,70,,12495,1,,,2,30,,12496,1,,,2,70,,12497,1,,,2,30,,12498,1,,,2,70,,12500,1,,,2,30,,12501,1,,,2,70,,12502,1,,,2,30,,12503,1,,,2,70,,12504,1,,,2,30,,12505,1,,,2,70,,12506,1,,,2,30,,12507,1,,,2
14000875019,'VNJA',0,,12515,1,,,2,702,,12516,1,,,2,30,,12517,1,,,2,70,,12528,1,,,2,30,,12531,1,,,2,70,,12532,1,,,2,30,,12533,1,,,2,70,,12534,1,,,2,30,,12535,1,,,2,70,,12536,1,,,2,30,,12537,1,,,2,70,,12518,1,,,2,30,,12519,1,,,2,70,,12520,1,,,2,30,,12521,1,,,2,70,,12522,1,,,2,30,,12523,1,,,2,70,,12524,1,,,2,30,,12525,1,,,2,70,,12526,1,,,2,30,,12527,1,,,2,70,,12529,1,,,2,30,,12530,1,,,2
14000875019,'dim',0,,12538,1,,,2,902,,12539,1,,,2,30,,12540,1,,,2,70,,12549,1,,,2,30,,12550,1,,,2,70,,12551,1,,,2,30,,12552,1,,,2,70,,12553,1,,,2,30,,12554,1,,,2,70,,12555,1,,,2,30,,12556,1,,,2,70,,12541,1,,,2,30,,12542,1,,,2,70,,12543,1,,,2,30,,12544,1,,,2,70,,12545,1,,,2,30,,12546,1,,,2,70,,12547,1,,,2,30,,12548,1,,,2
14000875019,'lun-ven',0,,12557,1,,,2,702,,12558,1,,,2,30,,12559,1,,,2,70,,12570,1,,,2,30,,12581,1,,,2,70,,12584,1,,,2,30,,12585,1,,,2,70,,12586,1,,,2,30,,12587,1,,,2,70,,12588,1,,,2,30,,12589,1,,,2,70,,12560,1,,,2,30,,12561,1,,,2,70,,12562,1,,,2,30,,12563,1,,,2,70,,12564,1,,,2,30,,12565,1,,,2,70,,12566,1,,,2,30,,12567,1,,,2,70,,12568,1,,,2,30,,12569,1,,,2,70,,12571,1,,,2,30,,12572,1,,,2,70,,12573,1,,,2,30,,12574,1,,,2,70,,12575,1,,,2,30,,12576,1,,,2,70,,12577,1,,,2,30,,12578,1,,,2,70,,12579,1,,,2,30,,12580,1,,,2,70,,12582,1,,,2,30,,12583,1,,,2
14000875019,'sam',0,,12590,1,,,2,802,,12591,1,,,2,30,,12592,1,,,2,70,,12603,1,,,2,30,,12604,1,,,2,70,,12605,1,,,2,30,,12606,1,,,2,70,,12607,1,,,2,30,,12608,1,,,2,70,,12609,1,,,2,30,,12610,1,,,2,70,,12593,1,,,2,30,,12594,1,,,2,70,,12595,1,,,2,30,,12596,1,,,2,70,,12597,1,,,2,30,,12598,1,,,2,70,,12599,1,,,2,30,,12600,1,,,2,70,,12601,1,,,2,30,,12602,1,,,2
