1000400019,'LN',15,,2045,2,4,,2,909,,2046,2,4,,2,30,,2047,2,4,,2,70,,2058,2,4,,2,30,,2067,2,4,,2,70,,2068,2,4,,2,30,,2069,2,4,,2,70,,2070,2,4,,2,30,,2071,2,4,,2,70,,2072,2,4,,2,30,,2073,2,4,,2,70,,2048,2,4,,2,30,,2049,2,4,,2,70,,2050,2,4,,2,30,,2051,2,4,,2,70,,2052,2,4,,2,30,,2053,2,4,,2,70,,2054,2,4,,2,30,,2055,2,4,,2,70,,2056,2,4,,2,30,,2057,2,4,,2,70,,2059,2,4,,2,30,,2060,2,4,,2,70,,2061,2,4,,2,30,,2062,2,4,,2,70,,2063,2,4,,2,30,,2064,2,4,,2,70,,2065,2,4,,2,30,,2066,2,4,,2
1000400019,'VNJA',15,,2143,2,4,,2,709,,2144,2,4,,2,30,,2145,2,4,,2,70,,2156,2,4,,2,30,,2159,2,4,,2,70,,2160,2,4,,2,30,,2161,2,4,,2,70,,2162,2,4,,2,30,,2163,2,4,,2,70,,2164,2,4,,2,30,,2165,2,4,,2,70,,2146,2,4,,2,30,,2147,2,4,,2,70,,2148,2,4,,2,30,,2149,2,4,,2,70,,2150,2,4,,2,30,,2151,2,4,,2,70,,2152,2,4,,2,30,,2153,2,4,,2,70,,2154,2,4,,2,30,,2155,2,4,,2,70,,2157,2,4,,2,30,,2158,2,4,,2
1000400019,'dim',15,,2223,2,4,,2,909,,2224,2,4,,2,30,,2225,2,4,,2,70,,2234,2,4,,2,30,,2235,2,4,,2,70,,2236,2,4,,2,30,,2237,2,4,,2,70,,2238,2,4,,2,30,,2239,2,4,,2,70,,2240,2,4,,2,30,,2241,2,4,,2,70,,2226,2,4,,2,30,,2227,2,4,,2,70,,2228,2,4,,2,30,,2229,2,4,,2,70,,2230,2,4,,2,30,,2231,2,4,,2,70,,2232,2,4,,2,30,,2233,2,4,,2
1000400019,'lun-ven',15,,2341,2,4,,2,709,,2342,2,4,,2,30,,2343,2,4,,2,70,,2354,2,4,,2,30,,2365,2,4,,2,70,,2368,2,4,,2,30,,2369,2,4,,2,70,,2370,2,4,,2,30,,2371,2,4,,2,70,,2372,2,4,,2,30,,2373,2,4,,2,70,,2344,2,4,,2,30,,2345,2,4,,2,70,,2346,2,4,,2,30,,2347,2,4,,2,70,,2348,2,4,,2,30,,2349,2,4,,2,70,,2350,2,4,,2,30,,2351,2,4,,2,70,,2352,2,4,,2,30,,2353,2,4,,2,70,,2355,2,4,,2,30,,2356,2,4,,2,70,,2357,2,4,,2,30,,2358,2,4,,2,70,,2359,2,4,,2,30,,2360,2,4,,2,70,,2361,2,4,,2,30,,2362,2,4,,2,70,,2363,2,4,,2,30,,2364,2,4,,2,70,,2366,2,4,,2,30,,2367,2,4,,2
1000400019,'sam',15,,2437,2,4,,2,809,,2438,2,4,,2,30,,2439,2,4,,2,70,,2450,2,4,,2,30,,2451,2,4,,2,70,,2452,2,4,,2,30,,2453,2,4,,2,70,,2454,2,4,,2,30,,2455,2,4,,2,70,,2456,2,4,,2,30,,2457,2,4,,2,70,,2440,2,4,,2,30,,2441,2,4,,2,70,,2442,2,4,,2,30,,2443,2,4,,2,70,,2444,2,4,,2,30,,2445,2,4,,2,70,,2446,2,4,,2,30,,2447,2,4,,2,70,,2448,2,4,,2,30,,2449,2,4,,2
1000420019,'LN',0,,2848,1,,,2,851,,2849,1,,,2,70,,2850,1,,,2,30,,2861,1,,,2,70,,2871,1,,,2,30,,2872,1,,,2,70,,2873,1,,,2,30,,2874,1,,,2,70,,2875,1,,,2,30,,2876,1,,,2,70,,2877,1,,,2,30,,2851,1,,,2,70,,2852,1,,,2,30,,2853,1,,,2,70,,2854,1,,,2,30,,2855,1,,,2,70,,2856,1,,,2,30,,2857,1,,,2,70,,2858,1,,,2,30,,2859,1,,,2,70,,2860,1,,,2,30,,2862,1,,,2,70,,2863,1,,,2,30,,2864,1,,,2,70,,2865,1,,,2,30,,2866,1,,,2,70,,2867,1,,,2,30,,2868,1,,,2,70,,2869,1,,,2,30,,2870,1,,,2
1000420019,'VNJA',0,,2878,1,,,2,651,,2879,1,,,2,70,,2880,1,,,2,30,,2891,1,,,2,70,,2895,1,,,2,30,,2896,1,,,2,70,,2897,1,,,2,30,,2898,1,,,2,70,,2899,1,,,2,30,,2900,1,,,2,70,,2901,1,,,2,30,,2881,1,,,2,70,,2882,1,,,2,30,,2883,1,,,2,70,,2884,1,,,2,30,,2885,1,,,2,70,,2886,1,,,2,30,,2887,1,,,2,70,,2888,1,,,2,30,,2889,1,,,2,70,,2890,1,,,2,30,,2892,1,,,2,70,,2893,1,,,2,30,,2894,1,,,2
1000420019,'dim',0,,2902,1,,,2,851,,2903,1,,,2,70,,2904,1,,,2,30,,2914,1,,,2,70,,2915,1,,,2,30,,2916,1,,,2,70,,2917,1,,,2,30,,2918,1,,,2,70,,2919,1,,,2,30,,2920,1,,,2,70,,2921,1,,,2,30,,2905,1,,,2,70,,2906,1,,,2,30,,2907,1,,,2,70,,2908,1,,,2,30,,2909,1,,,2,70,,2910,1,,,2,30,,2911,1,,,2,70,,2912,1,,,2,30,,2913,1,,,2
1000420019,'lun-ven',0,,2922,1,,,2,651,,2923,1,,,2,70,,2924,1,,,2,30,,2935,1,,,2,70,,2946,1,,,2,30,,2950,1,,,2,70,,2951,1,,,2,30,,2952,1,,,2,70,,2953,1,,,2,30,,2954,1,,,2,70,,2955,1,,,2,30,,2925,1,,,2,70,,2926,1,,,2,30,,2927,1,,,2,70,,2928,1,,,2,30,,2929,1,,,2,70,,2930,1,,,2,30,,2931,1,,,2,70,,2932,1,,,2,30,,2933,1,,,2,70,,2934,1,,,2,30,,2936,1,,,2,70,,2937,1,,,2,30,,2938,1,,,2,70,,2939,1,,,2,30,,2940,1,,,2,70,,2941,1,,,2,30,,2942,1,,,2,70,,2943,1,,,2,30,,2944,1,,,2,70,,2945,1,,,2,30,,2947,1,,,2,70,,2948,1,,,2,30,,2949,1,,,2
1000420019,'sam',0,,2956,1,,,2,751,,2957,1,,,2,70,,2958,1,,,2,30,,2969,1,,,2,70,,2971,1,,,2,30,,2972,1,,,2,70,,2973,1,,,2,30,,2974,1,,,2,70,,2975,1,,,2,30,,2976,1,,,2,70,,2977,1,,,2,30,,2959,1,,,2,70,,2960,1,,,2,30,,2961,1,,,2,70,,2962,1,,,2,30,,2963,1,,,2,70,,2964,1,,,2,30,,2965,1,,,2,70,,2966,1,,,2,30,,2967,1,,,2,70,,2968,1,,,2,30,,2970,1,,,2
