1019,'LN',0,,1,1,,,2,30,6,1,38,4,,2,870,,2,1,,,2,30,,3,1,,,2,70,,14,1,,,2,30,,24,1,,,2,70,,25,1,,,2,30,,26,1,,,2,70,,27,1,,,2,30,,28,1,,,2,70,,29,1,,,2,30,,30,1,,,2,70,,4,1,,,2,30,,5,1,,,2,70,,6,1,,,2,30,,7,1,,,2,70,,8,1,,,2,30,,9,1,,,2,70,,10,1,,,2,30,,11,1,,,2,70,,12,1,,,2,30,,13,1,,,2,70,,15,1,,,2,30,,16,1,,,2,70,,17,1,,,2,30,,18,1,,,2,70,,19,1,,,2,30,,20,1,,,2,70,,21,1,,,2,30,,22,1,,,2,70,,23,1,,,2,30,,23,38,4,,2
1019,'VNJA',0,,31,1,,,2,30,6,31,38,4,,2,670,,32,1,,,2,30,,33,1,,,2,70,,44,1,,,2,30,,48,1,,,2,70,,49,1,,,2,30,,50,1,,,2,70,,51,1,,,2,30,,52,1,,,2,70,,53,1,,,2,30,,54,1,,,2,70,,34,1,,,2,30,,35,1,,,2,70,,36,1,,,2,30,,37,1,,,2,70,,38,1,,,2,30,,39,1,,,2,70,,40,1,,,2,30,,41,1,,,2,70,,42,1,,,2,30,,43,1,,,2,70,,45,1,,,2,30,,46,1,,,2,70,,47,1,,,2,30,,47,38,4,,2
1019,'dim',0,,55,1,,,2,30,6,55,38,4,,2,870,,56,1,,,2,30,,56,38,4,,2,70,,57,1,,,2,30,,57,38,4,,2,70,,58,1,,,2,30,,58,38,4,,2,70,,59,1,,,2,30,,59,38,4,,2,70,,60,1,,,2,30,,60,38,4,,2,70,,61,1,,,2,30,,61,38,4,,2,70,,62,1,,,2,30,,62,38,4,,2,70,,63,1,,,2,30,,63,38,4,,2,70,,64,1,,,2,30,,64,38,4,,2,70,,65,1,,,2,30,,65,38,4,,2
1019,'lun-ven',0,,66,1,,,2,30,6,66,38,4,,2,670,,67,1,,,2,30,,68,1,,,2,70,,79,1,,,2,30,,90,1,,,2,70,,94,1,,,2,30,,95,1,,,2,70,,96,1,,,2,30,,97,1,,,2,70,,98,1,,,2,30,,99,1,,,2,70,,69,1,,,2,30,,70,1,,,2,70,,71,1,,,2,30,,72,1,,,2,70,,73,1,,,2,30,,74,1,,,2,70,,75,1,,,2,30,,76,1,,,2,70,,77,1,,,2,30,,78,1,,,2,70,,80,1,,,2,30,,81,1,,,2,70,,82,1,,,2,30,,83,1,,,2,70,,84,1,,,2,30,,85,1,,,2,70,,86,1,,,2,30,,87,1,,,2,70,,88,1,,,2,30,,89,1,,,2,70,,91,1,,,2,30,,92,1,,,2,70,,93,1,,,2,30,,93,38,4,,2
1019,'sam',0,,100,1,,,2,30,6,100,38,4,,2,770,,101,1,,,2,30,,102,1,,,2,70,,113,1,,,2,30,,115,1,,,2,70,,116,1,,,2,30,,117,1,,,2,70,,118,1,,,2,30,,119,1,,,2,70,,120,1,,,2,30,,121,1,,,2,70,,103,1,,,2,30,,104,1,,,2,70,,105,1,,,2,30,,106,1,,,2,70,,107,1,,,2,30,,108,1,,,2,70,,109,1,,,2,30,,110,1,,,2,70,,111,1,,,2,30,,112,1,,,2,70,,114,1,,,2,30,,114,38,4,,2
2019,'LN',0,,122,1,,,2,30,6,122,25,4,,2,870,,123,1,,,2,30,,124,1,,,2,70,,135,1,,,2,30,,145,1,,,2,70,,146,1,,,2,30,,147,1,,,2,70,,148,1,,,2,30,,149,1,,,2,70,,150,1,,,2,30,,151,1,,,2,70,,125,1,,,2,30,,126,1,,,2,70,,127,1,,,2,30,,128,1,,,2,70,,129,1,,,2,30,,130,1,,,2,70,,131,1,,,2,30,,132,1,,,2,70,,133,1,,,2,30,,134,1,,,2,70,,136,1,,,2,30,,137,1,,,2,70,,138,1,,,2,30,,139,1,,,2,70,,140,1,,,2,30,,141,1,,,2,70,,142,1,,,2,30,,143,1,,,2,70,,144,1,,,2,30,,144,25,4,,2
2019,'VNJA',0,,152,1,,,2,30,6,152,25,4,,2,670,,153,1,,,2,30,,154,1,,,2,70,,165,1,,,2,30,,169,1,,,2,70,,170,1,,,2,30,,171,1,,,2,70,,172,1,,,2,30,,173,1,,,2,70,,174,1,,,2,30,,175,1,,,2,70,,155,1,,,2,30,,156,1,,,2,70,,157,1,,,2,30,,158,1,,,2,70,,159,1,,,2,30,,160,1,,,2,70,,161,1,,,2,30,,162,1,,,2,70,,163,1,,,2,30,,164,1,,,2,70,,166,1,,,2,30,,167,1,,,2,70,,168,1,,,2,30,,168,25,4,,2
2019,'dim',0,,176,1,,,2,30,6,176,25,4,,2,870,,177,1,,,2,30,,177,25,4,,2,70,,178,1,,,2,30,,178,25,4,,2,70,,179,1,,,2,30,,179,25,4,,2,70,,180,1,,,2,30,,180,25,4,,2,70,,181,1,,,2,30,,181,25,4,,2,70,,182,1,,,2,30,,182,25,4,,2,70,,183,1,,,2,30,,183,25,4,,2,70,,184,1,,,2,30,,184,25,4,,2,70,,185,1,,,2,30,,185,25,4,,2,70,,186,1,,,2,30,,186,25,4,,2
2019,'lun-ven',0,,187,1,,,2,30,6,187,25,4,,2,670,,188,1,,,2,30,,189,1,,,2,70,,200,1,,,2,30,,211,1,,,2,70,,215,1,,,2,30,,216,1,,,2,70,,217,1,,,2,30,,218,1,,,2,70,,219,1,,,2,30,,220,1,,,2,70,,190,1,,,2,30,,191,1,,,2,70,,192,1,,,2,30,,193,1,,,2,70,,194,1,,,2,30,,195,1,,,2,70,,196,1,,,2,30,,197,1,,,2,70,,198,1,,,2,30,,199,1,,,2,70,,201,1,,,2,30,,202,1,,,2,70,,203,1,,,2,30,,204,1,,,2,70,,205,1,,,2,30,,206,1,,,2,70,,207,1,,,2,30,,208,1,,,2,70,,209,1,,,2,30,,210,1,,,2,70,,212,1,,,2,30,,213,1,,,2,70,,214,1,,,2,30,,214,25,4,,2
2019,'sam',0,,221,1,,,2,30,6,221,25,4,,2,770,,222,1,,,2,30,,223,1,,,2,70,,234,1,,,2,30,,236,1,,,2,70,,237,1,,,2,30,,238,1,,,2,70,,239,1,,,2,30,,240,1,,,2,70,,241,1,,,2,30,,242,1,,,2,70,,224,1,,,2,30,,225,1,,,2,70,,226,1,,,2,30,,227,1,,,2,70,,228,1,,,2,30,,229,1,,,2,70,,230,1,,,2,30,,231,1,,,2,70,,232,1,,,2,30,,233,1,,,2,70,,235,1,,,2,30,,235,25,4,,2
3019,'LN',0,,243,1,,,2,30,6,243,29,4,,2,870,,244,1,,,2,30,,245,1,,,2,70,,256,1,,,2,30,,266,1,,,2,70,,267,1,,,2,30,,268,1,,,2,70,,269,1,,,2,30,,270,1,,,2,70,,271,1,,,2,30,,272,1,,,2,70,,246,1,,,2,30,,247,1,,,2,70,,248,1,,,2,30,,249,1,,,2,70,,250,1,,,2,30,,251,1,,,2,70,,252,1,,,2,30,,253,1,,,2,70,,254,1,,,2,30,,255,1,,,2,70,,257,1,,,2,30,,258,1,,,2,70,,259,1,,,2,30,,260,1,,,2,70,,261,1,,,2,30,,262,1,,,2,70,,263,1,,,2,30,,264,1,,,2,70,,265,1,,,2,30,,265,29,4,,2
3019,'VNJA',0,,273,1,,,2,30,6,273,29,4,,2,670,,274,1,,,2,30,,275,1,,,2,70,,286,1,,,2,30,,290,1,,,2,70,,291,1,,,2,30,,292,1,,,2,70,,293,1,,,2,30,,294,1,,,2,70,,295,1,,,2,30,,296,1,,,2,70,,276,1,,,2,30,,277,1,,,2,70,,278,1,,,2,30,,279,1,,,2,70,,280,1,,,2,30,,281,1,,,2,70,,282,1,,,2,30,,283,1,,,2,70,,284,1,,,2,30,,285,1,,,2,70,,287,1,,,2,30,,288,1,,,2,70,,289,1,,,2,30,,289,29,4,,2
3019,'dim',0,,297,1,,,2,30,6,297,29,4,,2,900,,298,1,,,2,70,,298,29,4,,2,30,,299,1,,,2,70,,299,29,4,,2,30,,300,1,,,2,70,,300,29,4,,2,30,,301,1,,,2,70,,301,29,4,,2,30,,302,1,,,2,70,,302,29,4,,2,30,,303,1,,,2,70,,303,29,4,,2,30,,304,1,,,2,70,,304,29,4,,2,30,,305,1,,,2,70,,305,29,4,,2,30,,306,1,,,2,70,,306,29,4,,2
3019,'lun-ven',0,,307,1,,,2,30,6,307,29,4,,2,670,,308,1,,,2,30,,309,1,,,2,70,,320,1,,,2,30,,331,1,,,2,70,,335,1,,,2,30,,336,1,,,2,70,,337,1,,,2,30,,338,1,,,2,70,,339,1,,,2,30,,340,1,,,2,70,,310,1,,,2,30,,311,1,,,2,70,,312,1,,,2,30,,313,1,,,2,70,,314,1,,,2,30,,315,1,,,2,70,,316,1,,,2,30,,317,1,,,2,70,,318,1,,,2,30,,319,1,,,2,70,,321,1,,,2,30,,322,1,,,2,70,,323,1,,,2,30,,324,1,,,2,70,,325,1,,,2,30,,326,1,,,2,70,,327,1,,,2,30,,328,1,,,2,70,,329,1,,,2,30,,330,1,,,2,70,,332,1,,,2,30,,333,1,,,2,70,,334,1,,,2,30,,334,29,4,,2
3019,'sam',0,,341,1,,,2,30,6,341,29,4,,2,770,,342,1,,,2,30,,343,1,,,2,70,,354,1,,,2,30,,356,1,,,2,70,,357,1,,,2,30,,358,1,,,2,70,,359,1,,,2,30,,360,1,,,2,70,,361,1,,,2,30,,362,1,,,2,70,,344,1,,,2,30,,345,1,,,2,70,,346,1,,,2,30,,347,1,,,2,70,,348,1,,,2,30,,349,1,,,2,70,,350,1,,,2,30,,351,1,,,2,70,,352,1,,,2,30,,353,1,,,2,70,,355,1,,,2,30,,355,29,4,,2
4019,'LN',0,,363,1,,,2,30,6,363,33,4,,2,870,,364,1,,,2,30,,365,1,,,2,70,,376,1,,,2,30,,386,1,,,2,70,,387,1,,,2,30,,388,1,,,2,70,,389,1,,,2,30,,390,1,,,2,70,,391,1,,,2,30,,392,1,,,2,70,,366,1,,,2,30,,367,1,,,2,70,,368,1,,,2,30,,369,1,,,2,70,,370,1,,,2,30,,371,1,,,2,70,,372,1,,,2,30,,373,1,,,2,70,,374,1,,,2,30,,375,1,,,2,70,,377,1,,,2,30,,378,1,,,2,70,,379,1,,,2,30,,380,1,,,2,70,,381,1,,,2,30,,382,1,,,2,70,,383,1,,,2,30,,384,1,,,2,70,,385,1,,,2,30,,385,33,4,,2
4019,'VNJA',0,,393,1,,,2,30,6,393,33,4,,2,670,,394,1,,,2,30,,395,1,,,2,70,,406,1,,,2,30,,410,1,,,2,70,,411,1,,,2,30,,412,1,,,2,70,,413,1,,,2,30,,414,1,,,2,70,,415,1,,,2,30,,416,1,,,2,70,,396,1,,,2,30,,397,1,,,2,70,,398,1,,,2,30,,399,1,,,2,70,,400,1,,,2,30,,401,1,,,2,70,,402,1,,,2,30,,403,1,,,2,70,,404,1,,,2,30,,405,1,,,2,70,,407,1,,,2,30,,408,1,,,2,70,,409,1,,,2,30,,409,33,4,,2
4019,'lun-ven',0,,417,1,,,2,30,6,417,33,4,,2,670,,418,1,,,2,30,,419,1,,,2,70,,430,1,,,2,30,,441,1,,,2,70,,445,1,,,2,30,,446,1,,,2,70,,447,1,,,2,30,,448,1,,,2,70,,449,1,,,2,30,,450,1,,,2,70,,420,1,,,2,30,,421,1,,,2,70,,422,1,,,2,30,,423,1,,,2,70,,424,1,,,2,30,,425,1,,,2,70,,426,1,,,2,30,,427,1,,,2,70,,428,1,,,2,30,,429,1,,,2,70,,431,1,,,2,30,,432,1,,,2,70,,433,1,,,2,30,,434,1,,,2,70,,435,1,,,2,30,,436,1,,,2,70,,437,1,,,2,30,,438,1,,,2,70,,439,1,,,2,30,,440,1,,,2,70,,442,1,,,2,30,,443,1,,,2,70,,444,1,,,2,30,,444,33,4,,2
4019,'sam',0,,451,1,,,2,30,6,451,33,4,,2,770,,452,1,,,2,30,,453,1,,,2,70,,464,1,,,2,30,,466,1,,,2,70,,467,1,,,2,30,,468,1,,,2,70,,469,1,,,2,30,,470,1,,,2,70,,471,1,,,2,30,,472,1,,,2,70,,454,1,,,2,30,,455,1,,,2,70,,456,1,,,2,30,,457,1,,,2,70,,458,1,,,2,30,,459,1,,,2,70,,460,1,,,2,30,,461,1,,,2,70,,462,1,,,2,30,,463,1,,,2,70,,465,1,,,2,30,,465,33,4,,2
6019,'LN',0,,473,1,,,2,30,5,473,20,4,,2,870,,474,1,,,2,30,,475,1,,,2,70,,486,1,,,2,30,,496,1,,,2,70,,497,1,,,2,30,,498,1,,,2,70,,499,1,,,2,30,,500,1,,,2,70,,501,1,,,2,30,,502,1,,,2,70,,476,1,,,2,30,,477,1,,,2,70,,478,1,,,2,30,,479,1,,,2,70,,480,1,,,2,30,,481,1,,,2,70,,482,1,,,2,30,,483,1,,,2,70,,484,1,,,2,30,,485,1,,,2,70,,487,1,,,2,30,,488,1,,,2,70,,489,1,,,2,30,,490,1,,,2,70,,491,1,,,2,30,,492,1,,,2,70,,493,1,,,2,30,,494,1,,,2,70,,495,1,,,2,30,,495,20,4,,2
6019,'VNJA',0,,503,1,,,2,30,5,503,20,4,,2,670,,504,1,,,2,30,,505,1,,,2,70,,516,1,,,2,30,,520,1,,,2,70,,521,1,,,2,30,,522,1,,,2,70,,523,1,,,2,30,,524,1,,,2,70,,525,1,,,2,30,,526,1,,,2,70,,506,1,,,2,30,,507,1,,,2,70,,508,1,,,2,30,,509,1,,,2,70,,510,1,,,2,30,,511,1,,,2,70,,512,1,,,2,30,,513,1,,,2,70,,514,1,,,2,30,,515,1,,,2,70,,517,1,,,2,30,,518,1,,,2,70,,519,1,,,2,30,,519,20,4,,2
6019,'dim',0,,527,1,,,2,30,5,527,20,4,,2,870,,528,1,,,2,30,,528,20,4,,2,70,,529,1,,,2,30,,529,20,4,,2,70,,530,1,,,2,30,,530,20,4,,2,70,,531,1,,,2,30,,531,20,4,,2,70,,532,1,,,2,30,,532,20,4,,2,70,,533,1,,,2,30,,533,20,4,,2,70,,534,1,,,2,30,,534,20,4,,2,70,,535,1,,,2,30,,535,20,4,,2,70,,536,1,,,2,30,,536,20,4,,2,70,,537,1,,,2,30,,537,20,4,,2
6019,'lun-ven',0,,538,1,,,2,30,5,538,20,4,,2,670,,539,1,,,2,30,,540,1,,,2,70,,551,1,,,2,30,,562,1,,,2,70,,566,1,,,2,30,,567,1,,,2,70,,568,1,,,2,30,,569,1,,,2,70,,570,1,,,2,30,,571,1,,,2,70,,541,1,,,2,30,,542,1,,,2,70,,543,1,,,2,30,,544,1,,,2,70,,545,1,,,2,30,,546,1,,,2,70,,547,1,,,2,30,,548,1,,,2,70,,549,1,,,2,30,,550,1,,,2,70,,552,1,,,2,30,,553,1,,,2,70,,554,1,,,2,30,,555,1,,,2,70,,556,1,,,2,30,,557,1,,,2,70,,558,1,,,2,30,,559,1,,,2,70,,560,1,,,2,30,,561,1,,,2,70,,563,1,,,2,30,,564,1,,,2,70,,565,1,,,2,30,,565,20,4,,2
6019,'sam',0,,572,1,,,2,30,5,572,20,4,,2,770,,573,1,,,2,30,,574,1,,,2,70,,585,1,,,2,30,,587,1,,,2,70,,588,1,,,2,30,,589,1,,,2,70,,590,1,,,2,30,,591,1,,,2,70,,592,1,,,2,30,,593,1,,,2,70,,575,1,,,2,30,,576,1,,,2,70,,577,1,,,2,30,,578,1,,,2,70,,579,1,,,2,30,,580,1,,,2,70,,581,1,,,2,30,,582,1,,,2,70,,583,1,,,2,30,,584,1,,,2,70,,586,1,,,2,30,,586,20,4,,2
40004019,'dim',0,,660,1,,,2,30,6,660,33,4,,2,900,,661,1,,,2,70,,661,33,4,,2,30,,662,1,,,2,70,,662,33,4,,2,30,,663,1,,,2,70,,663,33,4,,2,30,,664,1,,,2,70,,664,33,4,,2,30,,665,1,,,2,70,,665,33,4,,2,30,,666,1,,,2,70,,666,33,4,,2,30,,667,1,,,2,70,,667,33,4,,2,30,,668,1,,,2,70,,668,33,4,,2,30,,669,1,,,2,70,,669,33,4,,2
140005019,'LN',0,,670,1,,,2,30,6,670,29,4,,2,870,,671,1,,,2,30,,672,1,,,2,70,,683,1,,,2,30,,693,1,,,2,70,,694,1,,,2,30,,695,1,,,2,70,,696,1,,,2,30,,697,1,,,2,70,,698,1,,,2,30,,699,1,,,2,70,,673,1,,,2,30,,674,1,,,2,70,,675,1,,,2,30,,676,1,,,2,70,,677,1,,,2,30,,678,1,,,2,70,,679,1,,,2,30,,680,1,,,2,70,,681,1,,,2,30,,682,1,,,2,70,,684,1,,,2,30,,685,1,,,2,70,,686,1,,,2,30,,687,1,,,2,70,,688,1,,,2,30,,689,1,,,2,70,,690,1,,,2,30,,691,1,,,2,70,,692,1,,,2,30,,692,29,4,,2
140005019,'VNJA',0,,700,1,,,2,30,6,700,29,4,,2,500,,701,1,,,2,70,,702,1,,,2,30,,713,1,,,2,70,,720,1,,,2,30,,721,1,,,2,70,,722,1,,,2,30,,723,1,,,2,70,,724,1,,,2,30,,725,1,,,2,70,,726,1,,,2,30,,703,1,,,2,70,,704,1,,,2,30,,705,1,,,2,70,,706,1,,,2,30,,707,1,,,2,70,,708,1,,,2,30,,709,1,,,2,70,,710,1,,,2,30,,711,1,,,2,70,,712,1,,,2,30,,714,1,,,2,70,,715,1,,,2,30,,716,1,,,2,70,,717,1,,,2,30,,718,1,,,2,70,,719,1,,,2,30,,719,29,4,,2
140005019,'dim',0,,727,1,,,2,30,6,727,29,4,,2,900,,728,1,,,2,70,,728,29,4,,2,30,,729,1,,,2,70,,729,29,4,,2,30,,730,1,,,2,70,,730,29,4,,2,30,,731,1,,,2,70,,731,29,4,,2,30,,732,1,,,2,70,,732,29,4,,2,30,,733,1,,,2,70,,733,29,4,,2,30,,734,1,,,2,70,,734,29,4,,2,30,,735,1,,,2,70,,735,29,4,,2,30,,736,1,,,2,70,,736,29,4,,2
140005019,'lun-ven',0,,737,1,,,2,30,6,737,29,4,,2,500,,738,1,,,2,70,,739,1,,,2,30,,750,1,,,2,70,,761,1,,,2,30,,771,1,,,2,70,,772,1,,,2,30,,773,1,,,2,70,,774,1,,,2,30,,775,1,,,2,70,,776,1,,,2,30,,740,1,,,2,70,,741,1,,,2,30,,742,1,,,2,70,,743,1,,,2,30,,744,1,,,2,70,,745,1,,,2,30,,746,1,,,2,70,,747,1,,,2,30,,748,1,,,2,70,,749,1,,,2,30,,751,1,,,2,70,,752,1,,,2,30,,753,1,,,2,70,,754,1,,,2,30,,755,1,,,2,70,,756,1,,,2,30,,757,1,,,2,70,,758,1,,,2,30,,759,1,,,2,70,,760,1,,,2,30,,762,1,,,2,70,,763,1,,,2,30,,764,1,,,2,70,,765,1,,,2,30,,766,1,,,2,70,,767,1,,,2,30,,768,1,,,2,70,,769,1,,,2,30,,770,1,,,2,70,,770,29,4,,2
140005019,'sam',0,,777,1,,,2,30,6,777,29,4,,2,770,,778,1,,,2,30,,779,1,,,2,70,,790,1,,,2,30,,792,1,,,2,70,,793,1,,,2,30,,794,1,,,2,70,,795,1,,,2,30,,796,1,,,2,70,,797,1,,,2,30,,798,1,,,2,70,,780,1,,,2,30,,781,1,,,2,70,,782,1,,,2,30,,783,1,,,2,70,,784,1,,,2,30,,785,1,,,2,70,,786,1,,,2,30,,787,1,,,2,70,,788,1,,,2,30,,789,1,,,2,70,,791,1,,,2,30,,791,29,4,,2
190005019,'LN',0,,799,1,,,2,30,6,799,29,4,,2,870,,800,1,,,2,30,,801,1,,,2,70,,812,1,,,2,30,,822,1,,,2,70,,823,1,,,2,30,,824,1,,,2,70,,825,1,,,2,30,,826,1,,,2,70,,827,1,,,2,30,,828,1,,,2,70,,802,1,,,2,30,,803,1,,,2,70,,804,1,,,2,30,,805,1,,,2,70,,806,1,,,2,30,,807,1,,,2,70,,808,1,,,2,30,,809,1,,,2,70,,810,1,,,2,30,,811,1,,,2,70,,813,1,,,2,30,,814,1,,,2,70,,815,1,,,2,30,,816,1,,,2,70,,817,1,,,2,30,,818,1,,,2,70,,819,1,,,2,30,,820,1,,,2,70,,821,1,,,2,30,,821,29,4,,2
190005019,'VNJA',0,,829,1,,,2,30,6,829,29,4,,2,500,,830,1,,,2,70,,831,1,,,2,30,,842,1,,,2,70,,849,1,,,2,30,,850,1,,,2,70,,851,1,,,2,30,,852,1,,,2,70,,853,1,,,2,30,,854,1,,,2,70,,855,1,,,2,30,,832,1,,,2,70,,833,1,,,2,30,,834,1,,,2,70,,835,1,,,2,30,,836,1,,,2,70,,837,1,,,2,30,,838,1,,,2,70,,839,1,,,2,30,,840,1,,,2,70,,841,1,,,2,30,,843,1,,,2,70,,844,1,,,2,30,,845,1,,,2,70,,846,1,,,2,30,,847,1,,,2,70,,848,1,,,2,30,,848,29,4,,2
190005019,'dim',0,,856,1,,,2,30,6,856,29,4,,2,870,,857,1,,,2,30,,858,1,,,2,70,,868,1,,,2,30,,869,1,,,2,70,,870,1,,,2,30,,871,1,,,2,70,,872,1,,,2,30,,873,1,,,2,70,,874,1,,,2,30,,875,1,,,2,70,,859,1,,,2,30,,860,1,,,2,70,,861,1,,,2,30,,862,1,,,2,70,,863,1,,,2,30,,864,1,,,2,70,,865,1,,,2,30,,866,1,,,2,70,,867,1,,,2,30,,867,29,4,,2
190005019,'lun-ven',0,,876,1,,,2,30,6,876,29,4,,2,500,,877,1,,,2,70,,878,1,,,2,30,,889,1,,,2,70,,900,1,,,2,30,,910,1,,,2,70,,911,1,,,2,30,,912,1,,,2,70,,913,1,,,2,30,,914,1,,,2,70,,915,1,,,2,30,,879,1,,,2,70,,880,1,,,2,30,,881,1,,,2,70,,882,1,,,2,30,,883,1,,,2,70,,884,1,,,2,30,,885,1,,,2,70,,886,1,,,2,30,,887,1,,,2,70,,888,1,,,2,30,,890,1,,,2,70,,891,1,,,2,30,,892,1,,,2,70,,893,1,,,2,30,,894,1,,,2,70,,895,1,,,2,30,,896,1,,,2,70,,897,1,,,2,30,,898,1,,,2,70,,899,1,,,2,30,,901,1,,,2,70,,902,1,,,2,30,,903,1,,,2,70,,904,1,,,2,30,,905,1,,,2,70,,906,1,,,2,30,,907,1,,,2,70,,908,1,,,2,30,,909,1,,,2,70,,909,29,4,,2
190005019,'sam',0,,916,1,,,2,30,6,916,29,4,,2,770,,917,1,,,2,30,,918,1,,,2,70,,929,1,,,2,30,,931,1,,,2,70,,932,1,,,2,30,,933,1,,,2,70,,934,1,,,2,30,,935,1,,,2,70,,936,1,,,2,30,,937,1,,,2,70,,919,1,,,2,30,,920,1,,,2,70,,921,1,,,2,30,,922,1,,,2,70,,923,1,,,2,30,,924,1,,,2,70,,925,1,,,2,30,,926,1,,,2,70,,927,1,,,2,30,,928,1,,,2,70,,930,1,,,2,30,,930,29,4,,2
14190600019,'NSTF',0,,13381,1,,,2,57,,13381,11,4,,2,943,,13382,1,,,2,57,,13382,11,4,,2,43,,13383,1,,,2,57,,13383,11,4,,2,43,,13384,1,,,2,57,,13384,11,4,,2,43,,13385,1,,,2,57,,13385,11,4,,2,43,,13386,1,,,2,57,,13386,11,4,,2,43,,13387,1,,,2,57,,13387,11,4,,2,43,,13388,1,,,2,57,,13388,11,4,,2
