7000100019,'LN',15,,3859,2,4,,2,913,,3860,2,4,,2,30,,3861,2,4,,2,70,,3872,2,4,,2,30,,3881,2,4,,2,70,,3882,2,4,,2,30,,3883,2,4,,2,70,,3884,2,4,,2,30,,3885,2,4,,2,70,,3886,2,4,,2,30,,3887,2,4,,2,70,,3862,2,4,,2,30,,3863,2,4,,2,70,,3864,2,4,,2,30,,3865,2,4,,2,70,,3866,2,4,,2,30,,3867,2,4,,2,70,,3868,2,4,,2,30,,3869,2,4,,2,70,,3870,2,4,,2,30,,3871,2,4,,2,70,,3873,2,4,,2,30,,3874,2,4,,2,70,,3875,2,4,,2,30,,3876,2,4,,2,70,,3877,2,4,,2,30,,3878,2,4,,2,70,,3879,2,4,,2,30,,3880,2,4,,2
7000100019,'VNJA',15,,4125,2,4,,2,713,,4126,2,4,,2,30,,4127,2,4,,2,70,,4138,2,4,,2,30,,4141,2,4,,2,70,,4142,2,4,,2,30,,4143,2,4,,2,70,,4144,2,4,,2,30,,4145,2,4,,2,70,,4146,2,4,,2,30,,4147,2,4,,2,70,,4128,2,4,,2,30,,4129,2,4,,2,70,,4130,2,4,,2,30,,4131,2,4,,2,70,,4132,2,4,,2,30,,4133,2,4,,2,70,,4134,2,4,,2,30,,4135,2,4,,2,70,,4136,2,4,,2,30,,4137,2,4,,2,70,,4139,2,4,,2,30,,4140,2,4,,2
7000100019,'dim',15,,4339,2,4,,2,913,,4340,2,4,,2,30,,4341,2,4,,2,70,,4350,2,4,,2,30,,4351,2,4,,2,70,,4352,2,4,,2,30,,4353,2,4,,2,70,,4354,2,4,,2,30,,4355,2,4,,2,70,,4356,2,4,,2,30,,4357,2,4,,2,70,,4342,2,4,,2,30,,4343,2,4,,2,70,,4344,2,4,,2,30,,4345,2,4,,2,70,,4346,2,4,,2,30,,4347,2,4,,2,70,,4348,2,4,,2,30,,4349,2,4,,2
7000100019,'lun-ven',15,,4585,2,4,,2,713,,4586,2,4,,2,30,,4587,2,4,,2,70,,4598,2,4,,2,30,,4609,2,4,,2,70,,4612,2,4,,2,30,,4613,2,4,,2,70,,4614,2,4,,2,30,,4615,2,4,,2,70,,4616,2,4,,2,30,,4617,2,4,,2,70,,4588,2,4,,2,30,,4589,2,4,,2,70,,4590,2,4,,2,30,,4591,2,4,,2,70,,4592,2,4,,2,30,,4593,2,4,,2,70,,4594,2,4,,2,30,,4595,2,4,,2,70,,4596,2,4,,2,30,,4597,2,4,,2,70,,4599,2,4,,2,30,,4600,2,4,,2,70,,4601,2,4,,2,30,,4602,2,4,,2,70,,4603,2,4,,2,30,,4604,2,4,,2,70,,4605,2,4,,2,30,,4606,2,4,,2,70,,4607,2,4,,2,30,,4608,2,4,,2,70,,4610,2,4,,2,30,,4611,2,4,,2
7000100019,'sam',15,,4867,2,4,,2,813,,4868,2,4,,2,30,,4869,2,4,,2,70,,4880,2,4,,2,30,,4881,2,4,,2,70,,4882,2,4,,2,30,,4883,2,4,,2,70,,4884,2,4,,2,30,,4885,2,4,,2,70,,4886,2,4,,2,30,,4887,2,4,,2,70,,4870,2,4,,2,30,,4871,2,4,,2,70,,4872,2,4,,2,30,,4873,2,4,,2,70,,4874,2,4,,2,30,,4875,2,4,,2,70,,4876,2,4,,2,30,,4877,2,4,,2,70,,4878,2,4,,2,30,,4879,2,4,,2
7000130019,'LN',0,,5513,1,,,2,844,,5514,1,,,2,70,,5515,1,,,2,30,,5526,1,,,2,70,,5536,1,,,2,30,,5537,1,,,2,70,,5538,1,,,2,30,,5539,1,,,2,70,,5540,1,,,2,30,,5541,1,,,2,70,,5542,1,,,2,30,,5516,1,,,2,70,,5517,1,,,2,30,,5518,1,,,2,70,,5519,1,,,2,30,,5520,1,,,2,70,,5521,1,,,2,30,,5522,1,,,2,70,,5523,1,,,2,30,,5524,1,,,2,70,,5525,1,,,2,30,,5527,1,,,2,70,,5528,1,,,2,30,,5529,1,,,2,70,,5530,1,,,2,30,,5531,1,,,2,70,,5532,1,,,2,30,,5533,1,,,2,70,,5534,1,,,2,30,,5535,1,,,2
7000130019,'VNJA',0,,5543,1,,,2,644,,5544,1,,,2,70,,5545,1,,,2,30,,5556,1,,,2,70,,5560,1,,,2,30,,5561,1,,,2,70,,5562,1,,,2,30,,5563,1,,,2,70,,5564,1,,,2,30,,5565,1,,,2,70,,5566,1,,,2,30,,5546,1,,,2,70,,5547,1,,,2,30,,5548,1,,,2,70,,5549,1,,,2,30,,5550,1,,,2,70,,5551,1,,,2,30,,5552,1,,,2,70,,5553,1,,,2,30,,5554,1,,,2,70,,5555,1,,,2,30,,5557,1,,,2,70,,5558,1,,,2,30,,5559,1,,,2
7000130019,'dim',0,,5567,1,,,2,844,,5568,1,,,2,70,,5569,1,,,2,30,,5579,1,,,2,70,,5580,1,,,2,30,,5581,1,,,2,70,,5582,1,,,2,30,,5583,1,,,2,70,,5584,1,,,2,30,,5585,1,,,2,70,,5586,1,,,2,30,,5570,1,,,2,70,,5571,1,,,2,30,,5572,1,,,2,70,,5573,1,,,2,30,,5574,1,,,2,70,,5575,1,,,2,30,,5576,1,,,2,70,,5577,1,,,2,30,,5578,1,,,2
7000130019,'lun-ven',0,,5587,1,,,2,644,,5588,1,,,2,70,,5589,1,,,2,30,,5600,1,,,2,70,,5611,1,,,2,30,,5615,1,,,2,70,,5616,1,,,2,30,,5617,1,,,2,70,,5618,1,,,2,30,,5619,1,,,2,70,,5620,1,,,2,30,,5590,1,,,2,70,,5591,1,,,2,30,,5592,1,,,2,70,,5593,1,,,2,30,,5594,1,,,2,70,,5595,1,,,2,30,,5596,1,,,2,70,,5597,1,,,2,30,,5598,1,,,2,70,,5599,1,,,2,30,,5601,1,,,2,70,,5602,1,,,2,30,,5603,1,,,2,70,,5604,1,,,2,30,,5605,1,,,2,70,,5606,1,,,2,30,,5607,1,,,2,70,,5608,1,,,2,30,,5609,1,,,2,70,,5610,1,,,2,30,,5612,1,,,2,70,,5613,1,,,2,30,,5614,1,,,2
7000130019,'sam',0,,5621,1,,,2,744,,5622,1,,,2,70,,5623,1,,,2,30,,5634,1,,,2,70,,5636,1,,,2,30,,5637,1,,,2,70,,5638,1,,,2,30,,5639,1,,,2,70,,5640,1,,,2,30,,5641,1,,,2,70,,5642,1,,,2,30,,5624,1,,,2,70,,5625,1,,,2,30,,5626,1,,,2,70,,5627,1,,,2,30,,5628,1,,,2,70,,5629,1,,,2,30,,5630,1,,,2,70,,5631,1,,,2,30,,5632,1,,,2,70,,5633,1,,,2,30,,5635,1,,,2
