8019,'VNJA',8,,634,5,,,2,547,,628,5,,,2,70,,629,5,,,2,30,,630,5,,,2,70,,631,5,,,2,30,,632,5,,,2,70,,633,5,,,2,600,,635,5,,,2,30,,636,5,,,2,70,,637,5,,,2,30,,638,5,,,2,70,,639,5,,,2,30,,640,5,,,2
8019,'lun-ven',8,,655,5,,,2,547,,642,5,,,2,70,,643,5,,,2,30,,644,5,,,2,70,,645,5,,,2,30,,646,5,,,2,70,,647,5,,,2,600,,649,5,,,2,30,,650,5,,,2,70,,651,5,,,2,30,,652,5,,,2,70,,653,5,,,2,30,,654,5,,,2,570,,656,5,,,2,30,,657,5,,,2,70,,658,5,,,2,30,,659,5,,,2
7000100019,'LN',14,,3917,2,4,,2,913,,3918,2,4,,2,30,,3919,2,4,,2,70,,3930,2,4,,2,30,,3939,2,4,,2,70,,3940,2,4,,2,30,,3941,2,4,,2,70,,3942,2,4,,2,30,,3943,2,4,,2,70,,3944,2,4,,2,30,,3945,2,4,,2,70,,3920,2,4,,2,30,,3921,2,4,,2,70,,3922,2,4,,2,30,,3923,2,4,,2,70,,3924,2,4,,2,30,,3925,2,4,,2,70,,3926,2,4,,2,30,,3927,2,4,,2,70,,3928,2,4,,2,30,,3929,2,4,,2,70,,3931,2,4,,2,30,,3932,2,4,,2,70,,3933,2,4,,2,30,,3934,2,4,,2,70,,3935,2,4,,2,30,,3936,2,4,,2,70,,3937,2,4,,2,30,,3938,2,4,,2
7000100019,'VNJA',14,,4171,2,4,,2,713,,4172,2,4,,2,30,,4173,2,4,,2,70,,4184,2,4,,2,30,,4187,2,4,,2,70,,4188,2,4,,2,30,,4189,2,4,,2,70,,4190,2,4,,2,30,,4191,2,4,,2,70,,4192,2,4,,2,30,,4193,2,4,,2,70,,4174,2,4,,2,30,,4175,2,4,,2,70,,4176,2,4,,2,30,,4177,2,4,,2,70,,4178,2,4,,2,30,,4179,2,4,,2,70,,4180,2,4,,2,30,,4181,2,4,,2,70,,4182,2,4,,2,30,,4183,2,4,,2,70,,4185,2,4,,2,30,,4186,2,4,,2
7000100019,'dim',14,,4377,2,4,,2,913,,4378,2,4,,2,30,,4379,2,4,,2,70,,4388,2,4,,2,30,,4389,2,4,,2,70,,4390,2,4,,2,30,,4391,2,4,,2,70,,4392,2,4,,2,30,,4393,2,4,,2,70,,4394,2,4,,2,30,,4395,2,4,,2,70,,4380,2,4,,2,30,,4381,2,4,,2,70,,4382,2,4,,2,30,,4383,2,4,,2,70,,4384,2,4,,2,30,,4385,2,4,,2,70,,4386,2,4,,2,30,,4387,2,4,,2
7000100019,'lun-ven',14,,4651,2,4,,2,713,,4652,2,4,,2,30,,4653,2,4,,2,70,,4664,2,4,,2,30,,4675,2,4,,2,70,,4678,2,4,,2,30,,4679,2,4,,2,70,,4680,2,4,,2,30,,4681,2,4,,2,70,,4682,2,4,,2,30,,4683,2,4,,2,70,,4654,2,4,,2,30,,4655,2,4,,2,70,,4656,2,4,,2,30,,4657,2,4,,2,70,,4658,2,4,,2,30,,4659,2,4,,2,70,,4660,2,4,,2,30,,4661,2,4,,2,70,,4662,2,4,,2,30,,4663,2,4,,2,70,,4665,2,4,,2,30,,4666,2,4,,2,70,,4667,2,4,,2,30,,4668,2,4,,2,70,,4669,2,4,,2,30,,4670,2,4,,2,70,,4671,2,4,,2,30,,4672,2,4,,2,70,,4673,2,4,,2,30,,4674,2,4,,2,70,,4676,2,4,,2,30,,4677,2,4,,2
7000100019,'sam',14,,4909,2,4,,2,813,,4910,2,4,,2,30,,4911,2,4,,2,70,,4922,2,4,,2,30,,4923,2,4,,2,70,,4924,2,4,,2,30,,4925,2,4,,2,70,,4926,2,4,,2,30,,4927,2,4,,2,70,,4928,2,4,,2,30,,4929,2,4,,2,70,,4912,2,4,,2,30,,4913,2,4,,2,70,,4914,2,4,,2,30,,4915,2,4,,2,70,,4916,2,4,,2,30,,4917,2,4,,2,70,,4918,2,4,,2,30,,4919,2,4,,2,70,,4920,2,4,,2,30,,4921,2,4,,2
7000145019,'LN',0,,5773,1,,,2,853,,5774,1,,,2,70,,5775,1,,,2,30,,5786,1,,,2,70,,5796,1,,,2,30,,5797,1,,,2,70,,5798,1,,,2,30,,5799,1,,,2,70,,5800,1,,,2,30,,5801,1,,,2,70,,5802,1,,,2,30,,5776,1,,,2,70,,5777,1,,,2,30,,5778,1,,,2,70,,5779,1,,,2,30,,5780,1,,,2,70,,5781,1,,,2,30,,5782,1,,,2,70,,5783,1,,,2,30,,5784,1,,,2,70,,5785,1,,,2,30,,5787,1,,,2,70,,5788,1,,,2,30,,5789,1,,,2,70,,5790,1,,,2,30,,5791,1,,,2,70,,5792,1,,,2,30,,5793,1,,,2,70,,5794,1,,,2,30,,5795,1,,,2
7000145019,'VNJA',0,,5803,1,,,2,653,,5804,1,,,2,70,,5805,1,,,2,30,,5816,1,,,2,70,,5820,1,,,2,30,,5821,1,,,2,70,,5822,1,,,2,30,,5823,1,,,2,70,,5824,1,,,2,30,,5825,1,,,2,70,,5826,1,,,2,30,,5806,1,,,2,70,,5807,1,,,2,30,,5808,1,,,2,70,,5809,1,,,2,30,,5810,1,,,2,70,,5811,1,,,2,30,,5812,1,,,2,70,,5813,1,,,2,30,,5814,1,,,2,70,,5815,1,,,2,30,,5817,1,,,2,70,,5818,1,,,2,30,,5819,1,,,2
7000145019,'dim',0,,5827,1,,,2,853,,5828,1,,,2,70,,5829,1,,,2,30,,5839,1,,,2,70,,5840,1,,,2,30,,5841,1,,,2,70,,5842,1,,,2,30,,5843,1,,,2,70,,5844,1,,,2,30,,5845,1,,,2,70,,5846,1,,,2,30,,5830,1,,,2,70,,5831,1,,,2,30,,5832,1,,,2,70,,5833,1,,,2,30,,5834,1,,,2,70,,5835,1,,,2,30,,5836,1,,,2,70,,5837,1,,,2,30,,5838,1,,,2
7000145019,'lun-ven',0,,5847,1,,,2,653,,5848,1,,,2,70,,5849,1,,,2,30,,5860,1,,,2,70,,5871,1,,,2,30,,5875,1,,,2,70,,5876,1,,,2,30,,5877,1,,,2,70,,5878,1,,,2,30,,5879,1,,,2,70,,5880,1,,,2,30,,5850,1,,,2,70,,5851,1,,,2,30,,5852,1,,,2,70,,5853,1,,,2,30,,5854,1,,,2,70,,5855,1,,,2,30,,5856,1,,,2,70,,5857,1,,,2,30,,5858,1,,,2,70,,5859,1,,,2,30,,5861,1,,,2,70,,5862,1,,,2,30,,5863,1,,,2,70,,5864,1,,,2,30,,5865,1,,,2,70,,5866,1,,,2,30,,5867,1,,,2,70,,5868,1,,,2,30,,5869,1,,,2,70,,5870,1,,,2,30,,5872,1,,,2,70,,5873,1,,,2,30,,5874,1,,,2
7000145019,'sam',0,,5881,1,,,2,753,,5882,1,,,2,70,,5883,1,,,2,30,,5894,1,,,2,70,,5896,1,,,2,30,,5897,1,,,2,70,,5898,1,,,2,30,,5899,1,,,2,70,,5900,1,,,2,30,,5901,1,,,2,70,,5902,1,,,2,30,,5884,1,,,2,70,,5885,1,,,2,30,,5886,1,,,2,70,,5887,1,,,2,30,,5888,1,,,2,70,,5889,1,,,2,30,,5890,1,,,2,70,,5891,1,,,2,30,,5892,1,,,2,70,,5893,1,,,2,30,,5895,1,,,2
