2019,'LN',24,,122,24,,,2,900,,123,24,,,2,30,,124,24,,,2,70,,135,24,,,2,30,,145,24,,,2,70,,146,24,,,2,30,,147,24,,,2,70,,148,24,,,2,30,,149,24,,,2,70,,150,24,,,2,30,,151,24,,,2,70,,125,24,,,2,30,,126,24,,,2,70,,127,24,,,2,30,,128,24,,,2,70,,129,24,,,2,30,,130,24,,,2,70,,131,24,,,2,30,,132,24,,,2,70,,133,24,,,2,30,,134,24,,,2,70,,136,24,,,2,30,,137,24,,,2,70,,138,24,,,2,30,,139,24,,,2,70,,140,24,,,2,30,,141,24,,,2,70,,142,24,,,2,30,,143,24,,,2,70,,144,24,,,2
2019,'VNJA',24,,152,24,,,2,700,,153,24,,,2,30,,154,24,,,2,70,,165,24,,,2,30,,169,24,,,2,70,,170,24,,,2,30,,171,24,,,2,70,,172,24,,,2,30,,173,24,,,2,70,,174,24,,,2,30,,175,24,,,2,70,,155,24,,,2,30,,156,24,,,2,70,,157,24,,,2,30,,158,24,,,2,70,,159,24,,,2,30,,160,24,,,2,70,,161,24,,,2,30,,162,24,,,2,70,,163,24,,,2,30,,164,24,,,2,70,,166,24,,,2,30,,167,24,,,2,70,,168,24,,,2
2019,'dim',24,,176,24,,,2,900,,177,24,,,2,100,,178,24,,,2,100,,179,24,,,2,100,,180,24,,,2,100,,181,24,,,2,100,,182,24,,,2,100,,183,24,,,2,100,,184,24,,,2,100,,185,24,,,2,100,,186,24,,,2
2019,'lun-ven',24,,187,24,,,2,700,,188,24,,,2,30,,189,24,,,2,70,,200,24,,,2,30,,211,24,,,2,70,,215,24,,,2,30,,216,24,,,2,70,,217,24,,,2,30,,218,24,,,2,70,,219,24,,,2,30,,220,24,,,2,70,,190,24,,,2,30,,191,24,,,2,70,,192,24,,,2,30,,193,24,,,2,70,,194,24,,,2,30,,195,24,,,2,70,,196,24,,,2,30,,197,24,,,2,70,,198,24,,,2,30,,199,24,,,2,70,,201,24,,,2,30,,202,24,,,2,70,,203,24,,,2,30,,204,24,,,2,70,,205,24,,,2,30,,206,24,,,2,70,,207,24,,,2,30,,208,24,,,2,70,,209,24,,,2,30,,210,24,,,2,70,,212,24,,,2,30,,213,24,,,2,70,,214,24,,,2
2019,'sam',24,,221,24,,,2,800,,222,24,,,2,30,,223,24,,,2,70,,234,24,,,2,30,,236,24,,,2,70,,237,24,,,2,30,,238,24,,,2,70,,239,24,,,2,30,,240,24,,,2,70,,241,24,,,2,30,,242,24,,,2,70,,224,24,,,2,30,,225,24,,,2,70,,226,24,,,2,30,,227,24,,,2,70,,228,24,,,2,30,,229,24,,,2,70,,230,24,,,2,30,,231,24,,,2,70,,232,24,,,2,30,,233,24,,,2,70,,235,24,,,2
3019,'LN',24,,243,28,,,2,900,,244,28,,,2,30,,245,28,,,2,70,,256,28,,,2,30,,266,28,,,2,70,,267,28,,,2,30,,268,28,,,2,70,,269,28,,,2,30,,270,28,,,2,70,,271,28,,,2,30,,272,28,,,2,70,,246,28,,,2,30,,247,28,,,2,70,,248,28,,,2,30,,249,28,,,2,70,,250,28,,,2,30,,251,28,,,2,70,,252,28,,,2,30,,253,28,,,2,70,,254,28,,,2,30,,255,28,,,2,70,,257,28,,,2,30,,258,28,,,2,70,,259,28,,,2,30,,260,28,,,2,70,,261,28,,,2,30,,262,28,,,2,70,,263,28,,,2,30,,264,28,,,2,70,,265,28,,,2
3019,'VNJA',24,,273,28,,,2,700,,274,28,,,2,30,,275,28,,,2,70,,286,28,,,2,30,,290,28,,,2,70,,291,28,,,2,30,,292,28,,,2,70,,293,28,,,2,30,,294,28,,,2,70,,295,28,,,2,30,,296,28,,,2,70,,276,28,,,2,30,,277,28,,,2,70,,278,28,,,2,30,,279,28,,,2,70,,280,28,,,2,30,,281,28,,,2,70,,282,28,,,2,30,,283,28,,,2,70,,284,28,,,2,30,,285,28,,,2,70,,287,28,,,2,30,,288,28,,,2,70,,289,28,,,2
3019,'dim',24,,297,28,,,2,930,,298,28,,,2,100,,299,28,,,2,100,,300,28,,,2,100,,301,28,,,2,100,,302,28,,,2,100,,303,28,,,2,100,,304,28,,,2,100,,305,28,,,2,100,,306,28,,,2
3019,'lun-ven',24,,307,28,,,2,700,,308,28,,,2,30,,309,28,,,2,70,,320,28,,,2,30,,331,28,,,2,70,,335,28,,,2,30,,336,28,,,2,70,,337,28,,,2,30,,338,28,,,2,70,,339,28,,,2,30,,340,28,,,2,70,,310,28,,,2,30,,311,28,,,2,70,,312,28,,,2,30,,313,28,,,2,70,,314,28,,,2,30,,315,28,,,2,70,,316,28,,,2,30,,317,28,,,2,70,,318,28,,,2,30,,319,28,,,2,70,,321,28,,,2,30,,322,28,,,2,70,,323,28,,,2,30,,324,28,,,2,70,,325,28,,,2,30,,326,28,,,2,70,,327,28,,,2,30,,328,28,,,2,70,,329,28,,,2,30,,330,28,,,2,70,,332,28,,,2,30,,333,28,,,2,70,,334,28,,,2
3019,'sam',24,,341,28,,,2,800,,342,28,,,2,30,,343,28,,,2,70,,354,28,,,2,30,,356,28,,,2,70,,357,28,,,2,30,,358,28,,,2,70,,359,28,,,2,30,,360,28,,,2,70,,361,28,,,2,30,,362,28,,,2,70,,344,28,,,2,30,,345,28,,,2,70,,346,28,,,2,30,,347,28,,,2,70,,348,28,,,2,30,,349,28,,,2,70,,350,28,,,2,30,,351,28,,,2,70,,352,28,,,2,30,,353,28,,,2,70,,355,28,,,2
4019,'LN',24,,363,32,,,2,900,,364,32,,,2,30,,365,32,,,2,70,,376,32,,,2,30,,386,32,,,2,70,,387,32,,,2,30,,388,32,,,2,70,,389,32,,,2,30,,390,32,,,2,70,,391,32,,,2,30,,392,32,,,2,70,,366,32,,,2,30,,367,32,,,2,70,,368,32,,,2,30,,369,32,,,2,70,,370,32,,,2,30,,371,32,,,2,70,,372,32,,,2,30,,373,32,,,2,70,,374,32,,,2,30,,375,32,,,2,70,,377,32,,,2,30,,378,32,,,2,70,,379,32,,,2,30,,380,32,,,2,70,,381,32,,,2,30,,382,32,,,2,70,,383,32,,,2,30,,384,32,,,2,70,,385,32,,,2
4019,'VNJA',24,,393,32,,,2,700,,394,32,,,2,30,,395,32,,,2,70,,406,32,,,2,30,,410,32,,,2,70,,411,32,,,2,30,,412,32,,,2,70,,413,32,,,2,30,,414,32,,,2,70,,415,32,,,2,30,,416,32,,,2,70,,396,32,,,2,30,,397,32,,,2,70,,398,32,,,2,30,,399,32,,,2,70,,400,32,,,2,30,,401,32,,,2,70,,402,32,,,2,30,,403,32,,,2,70,,404,32,,,2,30,,405,32,,,2,70,,407,32,,,2,30,,408,32,,,2,70,,409,32,,,2
4019,'lun-ven',24,,417,32,,,2,700,,418,32,,,2,30,,419,32,,,2,70,,430,32,,,2,30,,441,32,,,2,70,,445,32,,,2,30,,446,32,,,2,70,,447,32,,,2,30,,448,32,,,2,70,,449,32,,,2,30,,450,32,,,2,70,,420,32,,,2,30,,421,32,,,2,70,,422,32,,,2,30,,423,32,,,2,70,,424,32,,,2,30,,425,32,,,2,70,,426,32,,,2,30,,427,32,,,2,70,,428,32,,,2,30,,429,32,,,2,70,,431,32,,,2,30,,432,32,,,2,70,,433,32,,,2,30,,434,32,,,2,70,,435,32,,,2,30,,436,32,,,2,70,,437,32,,,2,30,,438,32,,,2,70,,439,32,,,2,30,,440,32,,,2,70,,442,32,,,2,30,,443,32,,,2,70,,444,32,,,2
4019,'sam',24,,451,32,,,2,800,,452,32,,,2,30,,453,32,,,2,70,,464,32,,,2,30,,466,32,,,2,70,,467,32,,,2,30,,468,32,,,2,70,,469,32,,,2,30,,470,32,,,2,70,,471,32,,,2,30,,472,32,,,2,70,,454,32,,,2,30,,455,32,,,2,70,,456,32,,,2,30,,457,32,,,2,70,,458,32,,,2,30,,459,32,,,2,70,,460,32,,,2,30,,461,32,,,2,70,,462,32,,,2,30,,463,32,,,2,70,,465,32,,,2
40004019,'dim',24,,660,32,,,2,930,,661,32,,,2,100,,662,32,,,2,100,,663,32,,,2,100,,664,32,,,2,100,,665,32,,,2,100,,666,32,,,2,100,,667,32,,,2,100,,668,32,,,2,100,,669,32,,,2
140005019,'LN',24,,670,28,,,2,900,,671,28,,,2,30,,672,28,,,2,70,,683,28,,,2,30,,693,28,,,2,70,,694,28,,,2,30,,695,28,,,2,70,,696,28,,,2,30,,697,28,,,2,70,,698,28,,,2,30,,699,28,,,2,70,,673,28,,,2,30,,674,28,,,2,70,,675,28,,,2,30,,676,28,,,2,70,,677,28,,,2,30,,678,28,,,2,70,,679,28,,,2,30,,680,28,,,2,70,,681,28,,,2,30,,682,28,,,2,70,,684,28,,,2,30,,685,28,,,2,70,,686,28,,,2,30,,687,28,,,2,70,,688,28,,,2,30,,689,28,,,2,70,,690,28,,,2,30,,691,28,,,2,70,,692,28,,,2
140005019,'VNJA',24,,700,28,,,2,530,,701,28,,,2,70,,702,28,,,2,30,,713,28,,,2,70,,720,28,,,2,30,,721,28,,,2,70,,722,28,,,2,30,,723,28,,,2,70,,724,28,,,2,30,,725,28,,,2,70,,726,28,,,2,30,,703,28,,,2,70,,704,28,,,2,30,,705,28,,,2,70,,706,28,,,2,30,,707,28,,,2,70,,708,28,,,2,30,,709,28,,,2,70,,710,28,,,2,30,,711,28,,,2,70,,712,28,,,2,30,,714,28,,,2,70,,715,28,,,2,30,,716,28,,,2,70,,717,28,,,2,30,,718,28,,,2,70,,719,28,,,2
140005019,'dim',24,,727,28,,,2,930,,728,28,,,2,100,,729,28,,,2,100,,730,28,,,2,100,,731,28,,,2,100,,732,28,,,2,100,,733,28,,,2,100,,734,28,,,2,100,,735,28,,,2,100,,736,28,,,2
140005019,'lun-ven',24,,737,28,,,2,530,,738,28,,,2,70,,739,28,,,2,30,,750,28,,,2,70,,761,28,,,2,30,,771,28,,,2,70,,772,28,,,2,30,,773,28,,,2,70,,774,28,,,2,30,,775,28,,,2,70,,776,28,,,2,30,,740,28,,,2,70,,741,28,,,2,30,,742,28,,,2,70,,743,28,,,2,30,,744,28,,,2,70,,745,28,,,2,30,,746,28,,,2,70,,747,28,,,2,30,,748,28,,,2,70,,749,28,,,2,30,,751,28,,,2,70,,752,28,,,2,30,,753,28,,,2,70,,754,28,,,2,30,,755,28,,,2,70,,756,28,,,2,30,,757,28,,,2,70,,758,28,,,2,30,,759,28,,,2,70,,760,28,,,2,30,,762,28,,,2,70,,763,28,,,2,30,,764,28,,,2,70,,765,28,,,2,30,,766,28,,,2,70,,767,28,,,2,30,,768,28,,,2,70,,769,28,,,2,30,,770,28,,,2
140005019,'sam',24,,777,28,,,2,800,,778,28,,,2,30,,779,28,,,2,70,,790,28,,,2,30,,792,28,,,2,70,,793,28,,,2,30,,794,28,,,2,70,,795,28,,,2,30,,796,28,,,2,70,,797,28,,,2,30,,798,28,,,2,70,,780,28,,,2,30,,781,28,,,2,70,,782,28,,,2,30,,783,28,,,2,70,,784,28,,,2,30,,785,28,,,2,70,,786,28,,,2,30,,787,28,,,2,70,,788,28,,,2,30,,789,28,,,2,70,,791,28,,,2
190005019,'LN',24,,799,28,,,2,900,,800,28,,,2,30,,801,28,,,2,70,,812,28,,,2,30,,822,28,,,2,70,,823,28,,,2,30,,824,28,,,2,70,,825,28,,,2,30,,826,28,,,2,70,,827,28,,,2,30,,828,28,,,2,70,,802,28,,,2,30,,803,28,,,2,70,,804,28,,,2,30,,805,28,,,2,70,,806,28,,,2,30,,807,28,,,2,70,,808,28,,,2,30,,809,28,,,2,70,,810,28,,,2,30,,811,28,,,2,70,,813,28,,,2,30,,814,28,,,2,70,,815,28,,,2,30,,816,28,,,2,70,,817,28,,,2,30,,818,28,,,2,70,,819,28,,,2,30,,820,28,,,2,70,,821,28,,,2
190005019,'VNJA',24,,829,28,,,2,530,,830,28,,,2,70,,831,28,,,2,30,,842,28,,,2,70,,849,28,,,2,30,,850,28,,,2,70,,851,28,,,2,30,,852,28,,,2,70,,853,28,,,2,30,,854,28,,,2,70,,855,28,,,2,30,,832,28,,,2,70,,833,28,,,2,30,,834,28,,,2,70,,835,28,,,2,30,,836,28,,,2,70,,837,28,,,2,30,,838,28,,,2,70,,839,28,,,2,30,,840,28,,,2,70,,841,28,,,2,30,,843,28,,,2,70,,844,28,,,2,30,,845,28,,,2,70,,846,28,,,2,30,,847,28,,,2,70,,848,28,,,2
190005019,'dim',24,,856,28,,,2,900,,857,28,,,2,30,,858,28,,,2,70,,868,28,,,2,30,,869,28,,,2,70,,870,28,,,2,30,,871,28,,,2,70,,872,28,,,2,30,,873,28,,,2,70,,874,28,,,2,30,,875,28,,,2,70,,859,28,,,2,30,,860,28,,,2,70,,861,28,,,2,30,,862,28,,,2,70,,863,28,,,2,30,,864,28,,,2,70,,865,28,,,2,30,,866,28,,,2,70,,867,28,,,2
190005019,'lun-ven',24,,876,28,,,2,530,,877,28,,,2,70,,878,28,,,2,30,,889,28,,,2,70,,900,28,,,2,30,,910,28,,,2,70,,911,28,,,2,30,,912,28,,,2,70,,913,28,,,2,30,,914,28,,,2,70,,915,28,,,2,30,,879,28,,,2,70,,880,28,,,2,30,,881,28,,,2,70,,882,28,,,2,30,,883,28,,,2,70,,884,28,,,2,30,,885,28,,,2,70,,886,28,,,2,30,,887,28,,,2,70,,888,28,,,2,30,,890,28,,,2,70,,891,28,,,2,30,,892,28,,,2,70,,893,28,,,2,30,,894,28,,,2,70,,895,28,,,2,30,,896,28,,,2,70,,897,28,,,2,30,,898,28,,,2,70,,899,28,,,2,30,,901,28,,,2,70,,902,28,,,2,30,,903,28,,,2,70,,904,28,,,2,30,,905,28,,,2,70,,906,28,,,2,30,,907,28,,,2,70,,908,28,,,2,30,,909,28,,,2
190005019,'sam',24,,916,28,,,2,800,,917,28,,,2,30,,918,28,,,2,70,,929,28,,,2,30,,931,28,,,2,70,,932,28,,,2,30,,933,28,,,2,70,,934,28,,,2,30,,935,28,,,2,70,,936,28,,,2,30,,937,28,,,2,70,,919,28,,,2,30,,920,28,,,2,70,,921,28,,,2,30,,922,28,,,2,70,,923,28,,,2,30,,924,28,,,2,70,,925,28,,,2,30,,926,28,,,2,70,,927,28,,,2,30,,928,28,,,2,70,,930,28,,,2
