10000500019,'LN',9,,6583,2,4,,2,908,,6584,2,4,,2,30,,6585,2,4,,2,70,,6596,2,4,,2,30,,6605,2,4,,2,70,,6606,2,4,,2,30,,6607,2,4,,2,70,,6608,2,4,,2,30,,6609,2,4,,2,70,,6610,2,4,,2,30,,6611,2,4,,2,70,,6586,2,4,,2,30,,6587,2,4,,2,70,,6588,2,4,,2,30,,6589,2,4,,2,70,,6590,2,4,,2,30,,6591,2,4,,2,70,,6592,2,4,,2,30,,6593,2,4,,2,70,,6594,2,4,,2,30,,6595,2,4,,2,70,,6597,2,4,,2,30,,6598,2,4,,2,70,,6599,2,4,,2,30,,6600,2,4,,2,70,,6601,2,4,,2,30,,6602,2,4,,2,70,,6603,2,4,,2,30,,6604,2,4,,2
10000500019,'VNJA',9,,6842,2,4,,2,708,,6843,2,4,,2,30,,6844,2,4,,2,70,,6855,2,4,,2,30,,6858,2,4,,2,70,,6859,2,4,,2,30,,6860,2,4,,2,70,,6861,2,4,,2,30,,6862,2,4,,2,70,,6863,2,4,,2,30,,6864,2,4,,2,70,,6845,2,4,,2,30,,6846,2,4,,2,70,,6847,2,4,,2,30,,6848,2,4,,2,70,,6849,2,4,,2,30,,6850,2,4,,2,70,,6851,2,4,,2,30,,6852,2,4,,2,70,,6853,2,4,,2,30,,6854,2,4,,2,70,,6856,2,4,,2,30,,6857,2,4,,2
10000500019,'dim',9,,7055,2,4,,2,908,,7056,2,4,,2,30,,7057,2,4,,2,70,,7066,2,4,,2,30,,7067,2,4,,2,70,,7068,2,4,,2,30,,7069,2,4,,2,70,,7070,2,4,,2,30,,7071,2,4,,2,70,,7072,2,4,,2,30,,7073,2,4,,2,70,,7058,2,4,,2,30,,7059,2,4,,2,70,,7060,2,4,,2,30,,7061,2,4,,2,70,,7062,2,4,,2,30,,7063,2,4,,2,70,,7064,2,4,,2,30,,7065,2,4,,2
10000500019,'lun-ven',9,,7404,2,4,,2,708,,7405,2,4,,2,30,,7406,2,4,,2,70,,7417,2,4,,2,30,,7428,2,4,,2,70,,7431,2,4,,2,30,,7432,2,4,,2,70,,7433,2,4,,2,30,,7434,2,4,,2,70,,7435,2,4,,2,30,,7436,2,4,,2,70,,7407,2,4,,2,30,,7408,2,4,,2,70,,7409,2,4,,2,30,,7410,2,4,,2,70,,7411,2,4,,2,30,,7412,2,4,,2,70,,7413,2,4,,2,30,,7414,2,4,,2,70,,7415,2,4,,2,30,,7416,2,4,,2,70,,7418,2,4,,2,30,,7419,2,4,,2,70,,7420,2,4,,2,30,,7421,2,4,,2,70,,7422,2,4,,2,30,,7423,2,4,,2,70,,7424,2,4,,2,30,,7425,2,4,,2,70,,7426,2,4,,2,30,,7427,2,4,,2,70,,7429,2,4,,2,30,,7430,2,4,,2
10000500019,'sam',9,,7647,2,4,,2,808,,7648,2,4,,2,30,,7649,2,4,,2,70,,7660,2,4,,2,30,,7661,2,4,,2,70,,7662,2,4,,2,30,,7663,2,4,,2,70,,7664,2,4,,2,30,,7665,2,4,,2,70,,7666,2,4,,2,30,,7667,2,4,,2,70,,7650,2,4,,2,30,,7651,2,4,,2,70,,7652,2,4,,2,30,,7653,2,4,,2,70,,7654,2,4,,2,30,,7655,2,4,,2,70,,7656,2,4,,2,30,,7657,2,4,,2,70,,7658,2,4,,2,30,,7659,2,4,,2
10000555019,'LN',0,,8948,1,,,2,926,,8949,1,,,2,30,,8950,1,,,2,70,,8961,1,,,2,30,,8970,1,,,2,70,,8971,1,,,2,30,,8972,1,,,2,70,,8973,1,,,2,30,,8974,1,,,2,70,,8975,1,,,2,30,,8976,1,,,2,70,,8951,1,,,2,30,,8952,1,,,2,70,,8953,1,,,2,30,,8954,1,,,2,70,,8955,1,,,2,30,,8956,1,,,2,70,,8957,1,,,2,30,,8958,1,,,2,70,,8959,1,,,2,30,,8960,1,,,2,70,,8962,1,,,2,30,,8963,1,,,2,70,,8964,1,,,2,30,,8965,1,,,2,70,,8966,1,,,2,30,,8967,1,,,2,70,,8968,1,,,2,30,,8969,1,,,2
10000555019,'VNJA',0,,8977,1,,,2,656,,8978,1,,,2,70,,8979,1,,,2,30,,8990,1,,,2,70,,8994,1,,,2,30,,8995,1,,,2,70,,8996,1,,,2,30,,8997,1,,,2,70,,8998,1,,,2,30,,8999,1,,,2,70,,9000,1,,,2,30,,8980,1,,,2,70,,8981,1,,,2,30,,8982,1,,,2,70,,8983,1,,,2,30,,8984,1,,,2,70,,8985,1,,,2,30,,8986,1,,,2,70,,8987,1,,,2,30,,8988,1,,,2,70,,8989,1,,,2,30,,8991,1,,,2,70,,8992,1,,,2,30,,8993,1,,,2
10000555019,'dim',0,,9001,1,,,2,926,,9002,1,,,2,30,,9003,1,,,2,70,,9012,1,,,2,30,,9013,1,,,2,70,,9014,1,,,2,30,,9015,1,,,2,70,,9016,1,,,2,30,,9017,1,,,2,70,,9018,1,,,2,30,,9019,1,,,2,70,,9004,1,,,2,30,,9005,1,,,2,70,,9006,1,,,2,30,,9007,1,,,2,70,,9008,1,,,2,30,,9009,1,,,2,70,,9010,1,,,2,30,,9011,1,,,2
10000555019,'lun-ven',0,,9020,1,,,2,656,,9021,1,,,2,70,,9022,1,,,2,30,,9033,1,,,2,70,,9044,1,,,2,30,,9048,1,,,2,70,,9049,1,,,2,30,,9050,1,,,2,70,,9051,1,,,2,30,,9052,1,,,2,70,,9053,1,,,2,30,,9023,1,,,2,70,,9024,1,,,2,30,,9025,1,,,2,70,,9026,1,,,2,30,,9027,1,,,2,70,,9028,1,,,2,30,,9029,1,,,2,70,,9030,1,,,2,30,,9031,1,,,2,70,,9032,1,,,2,30,,9034,1,,,2,70,,9035,1,,,2,30,,9036,1,,,2,70,,9037,1,,,2,30,,9038,1,,,2,70,,9039,1,,,2,30,,9040,1,,,2,70,,9041,1,,,2,30,,9042,1,,,2,70,,9043,1,,,2,30,,9045,1,,,2,70,,9046,1,,,2,30,,9047,1,,,2
10000555019,'sam',0,,9054,1,,,2,756,,9055,1,,,2,70,,9056,1,,,2,30,,9067,1,,,2,70,,9069,1,,,2,30,,9070,1,,,2,70,,9071,1,,,2,30,,9072,1,,,2,70,,9073,1,,,2,30,,9074,1,,,2,70,,9075,1,,,2,30,,9057,1,,,2,70,,9058,1,,,2,30,,9059,1,,,2,70,,9060,1,,,2,30,,9061,1,,,2,70,,9062,1,,,2,30,,9063,1,,,2,70,,9064,1,,,2,30,,9065,1,,,2,70,,9066,1,,,2,30,,9068,1,,,2
