4019,'LN',11,,363,19,,,2,900,,364,19,,,2,30,,365,19,,,2,70,,376,19,,,2,30,,386,19,,,2,70,,387,19,,,2,30,,388,19,,,2,70,,389,19,,,2,30,,390,19,,,2,70,,391,19,,,2,30,,392,19,,,2,70,,366,19,,,2,30,,367,19,,,2,70,,368,19,,,2,30,,369,19,,,2,70,,370,19,,,2,30,,371,19,,,2,70,,372,19,,,2,30,,373,19,,,2,70,,374,19,,,2,30,,375,19,,,2,70,,377,19,,,2,30,,378,19,,,2,70,,379,19,,,2,30,,380,19,,,2,70,,381,19,,,2,30,,382,19,,,2,70,,383,19,,,2,30,,384,19,,,2,70,,385,19,,,2
4019,'VNJA',11,,393,19,,,2,700,,394,19,,,2,30,,395,19,,,2,70,,406,19,,,2,30,,410,19,,,2,70,,411,19,,,2,30,,412,19,,,2,70,,413,19,,,2,30,,414,19,,,2,70,,415,19,,,2,30,,416,19,,,2,70,,396,19,,,2,30,,397,19,,,2,70,,398,19,,,2,30,,399,19,,,2,70,,400,19,,,2,30,,401,19,,,2,70,,402,19,,,2,30,,403,19,,,2,70,,404,19,,,2,30,,405,19,,,2,70,,407,19,,,2,30,,408,19,,,2,70,,409,19,,,2
4019,'lun-ven',11,,417,19,,,2,700,,418,19,,,2,30,,419,19,,,2,70,,430,19,,,2,30,,441,19,,,2,70,,445,19,,,2,30,,446,19,,,2,70,,447,19,,,2,30,,448,19,,,2,70,,449,19,,,2,30,,450,19,,,2,70,,420,19,,,2,30,,421,19,,,2,70,,422,19,,,2,30,,423,19,,,2,70,,424,19,,,2,30,,425,19,,,2,70,,426,19,,,2,30,,427,19,,,2,70,,428,19,,,2,30,,429,19,,,2,70,,431,19,,,2,30,,432,19,,,2,70,,433,19,,,2,30,,434,19,,,2,70,,435,19,,,2,30,,436,19,,,2,70,,437,19,,,2,30,,438,19,,,2,70,,439,19,,,2,30,,440,19,,,2,70,,442,19,,,2,30,,443,19,,,2,70,,444,19,,,2
4019,'sam',11,,451,19,,,2,800,,452,19,,,2,30,,453,19,,,2,70,,464,19,,,2,30,,466,19,,,2,70,,467,19,,,2,30,,468,19,,,2,70,,469,19,,,2,30,,470,19,,,2,70,,471,19,,,2,30,,472,19,,,2,70,,454,19,,,2,30,,455,19,,,2,70,,456,19,,,2,30,,457,19,,,2,70,,458,19,,,2,30,,459,19,,,2,70,,460,19,,,2,30,,461,19,,,2,70,,462,19,,,2,30,,463,19,,,2,70,,465,19,,,2
40004019,'dim',11,,660,19,,,2,930,,661,19,,,2,100,,662,19,,,2,100,,663,19,,,2,100,,664,19,,,2,100,,665,19,,,2,100,,666,19,,,2,100,,667,19,,,2,100,,668,19,,,2,100,,669,19,,,2
22000200019,'LN',0,,14073,1,,,2,918,,14074,1,,,2,30,,14075,1,,,2,70,,14086,1,,,2,30,,14095,1,,,2,70,,14096,1,,,2,30,,14097,1,,,2,70,,14098,1,,,2,30,,14099,1,,,2,70,,14100,1,,,2,30,,14101,1,,,2,70,,14076,1,,,2,30,,14077,1,,,2,70,,14078,1,,,2,30,,14079,1,,,2,70,,14080,1,,,2,30,,14081,1,,,2,70,,14082,1,,,2,30,,14083,1,,,2,70,,14084,1,,,2,30,,14085,1,,,2,70,,14087,1,,,2,30,,14088,1,,,2,70,,14089,1,,,2,30,,14090,1,,,2,70,,14091,1,,,2,30,,14092,1,,,2,70,,14093,1,,,2,30,,14094,1,,,2
22000200019,'VNJA',0,,14240,1,,,2,718,,14241,1,,,2,30,,14242,1,,,2,70,,14253,1,,,2,30,,14256,1,,,2,70,,14257,1,,,2,30,,14258,1,,,2,70,,14259,1,,,2,30,,14260,1,,,2,70,,14261,1,,,2,30,,14262,1,,,2,70,,14243,1,,,2,30,,14244,1,,,2,70,,14245,1,,,2,30,,14246,1,,,2,70,,14247,1,,,2,30,,14248,1,,,2,70,,14249,1,,,2,30,,14250,1,,,2,70,,14251,1,,,2,30,,14252,1,,,2,70,,14254,1,,,2,30,,14255,1,,,2
22000200019,'dim',0,,14377,1,,,2,918,,14378,1,,,2,30,,14379,1,,,2,70,,14388,1,,,2,30,,14389,1,,,2,70,,14390,1,,,2,30,,14391,1,,,2,70,,14392,1,,,2,30,,14393,1,,,2,70,,14394,1,,,2,30,,14395,1,,,2,70,,14380,1,,,2,30,,14381,1,,,2,70,,14382,1,,,2,30,,14383,1,,,2,70,,14384,1,,,2,30,,14385,1,,,2,70,,14386,1,,,2,30,,14387,1,,,2
22000200019,'lun-ven',0,,14594,1,,,2,718,,14595,1,,,2,30,,14596,1,,,2,70,,14607,1,,,2,30,,14618,1,,,2,70,,14621,1,,,2,30,,14622,1,,,2,70,,14623,1,,,2,30,,14624,1,,,2,70,,14625,1,,,2,30,,14626,1,,,2,70,,14597,1,,,2,30,,14598,1,,,2,70,,14599,1,,,2,30,,14600,1,,,2,70,,14601,1,,,2,30,,14602,1,,,2,70,,14603,1,,,2,30,,14604,1,,,2,70,,14605,1,,,2,30,,14606,1,,,2,70,,14608,1,,,2,30,,14609,1,,,2,70,,14610,1,,,2,30,,14611,1,,,2,70,,14612,1,,,2,30,,14613,1,,,2,70,,14614,1,,,2,30,,14615,1,,,2,70,,14616,1,,,2,30,,14617,1,,,2,70,,14619,1,,,2,30,,14620,1,,,2
22000200019,'sam',0,,14753,1,,,2,818,,14754,1,,,2,30,,14755,1,,,2,70,,14766,1,,,2,30,,14767,1,,,2,70,,14768,1,,,2,30,,14769,1,,,2,70,,14770,1,,,2,30,,14771,1,,,2,70,,14772,1,,,2,30,,14773,1,,,2,70,,14756,1,,,2,30,,14757,1,,,2,70,,14758,1,,,2,30,,14759,1,,,2,70,,14760,1,,,2,30,,14761,1,,,2,70,,14762,1,,,2,30,,14763,1,,,2,70,,14764,1,,,2,30,,14765,1,,,2
22000210019,'LN',3,,14774,2,4,,2,906,,14775,2,4,,2,30,,14776,2,4,,2,70,,14787,2,4,,2,30,,14796,2,4,,2,70,,14797,2,4,,2,30,,14798,2,4,,2,70,,14799,2,4,,2,30,,14800,2,4,,2,70,,14801,2,4,,2,30,,14802,2,4,,2,70,,14777,2,4,,2,30,,14778,2,4,,2,70,,14779,2,4,,2,30,,14780,2,4,,2,70,,14781,2,4,,2,30,,14782,2,4,,2,70,,14783,2,4,,2,30,,14784,2,4,,2,70,,14785,2,4,,2,30,,14786,2,4,,2,70,,14788,2,4,,2,30,,14789,2,4,,2,70,,14790,2,4,,2,30,,14791,2,4,,2,70,,14792,2,4,,2,30,,14793,2,4,,2,70,,14794,2,4,,2,30,,14795,2,4,,2
22000210019,'VNJA',3,,14803,2,4,,2,706,,14804,2,4,,2,30,,14805,2,4,,2,70,,14816,2,4,,2,30,,14819,2,4,,2,70,,14820,2,4,,2,30,,14821,2,4,,2,70,,14822,2,4,,2,30,,14823,2,4,,2,70,,14824,2,4,,2,30,,14825,2,4,,2,70,,14806,2,4,,2,30,,14807,2,4,,2,70,,14808,2,4,,2,30,,14809,2,4,,2,70,,14810,2,4,,2,30,,14811,2,4,,2,70,,14812,2,4,,2,30,,14813,2,4,,2,70,,14814,2,4,,2,30,,14815,2,4,,2,70,,14817,2,4,,2,30,,14818,2,4,,2
22000210019,'dim',3,,14826,2,4,,2,906,,14827,2,4,,2,30,,14828,2,4,,2,70,,14837,2,4,,2,30,,14838,2,4,,2,70,,14839,2,4,,2,30,,14840,2,4,,2,70,,14841,2,4,,2,30,,14842,2,4,,2,70,,14843,2,4,,2,30,,14844,2,4,,2,70,,14829,2,4,,2,30,,14830,2,4,,2,70,,14831,2,4,,2,30,,14832,2,4,,2,70,,14833,2,4,,2,30,,14834,2,4,,2,70,,14835,2,4,,2,30,,14836,2,4,,2
22000210019,'lun-ven',3,,14845,2,4,,2,706,,14846,2,4,,2,30,,14847,2,4,,2,70,,14858,2,4,,2,30,,14869,2,4,,2,70,,14872,2,4,,2,30,,14873,2,4,,2,70,,14874,2,4,,2,30,,14875,2,4,,2,70,,14876,2,4,,2,30,,14877,2,4,,2,70,,14848,2,4,,2,30,,14849,2,4,,2,70,,14850,2,4,,2,30,,14851,2,4,,2,70,,14852,2,4,,2,30,,14853,2,4,,2,70,,14854,2,4,,2,30,,14855,2,4,,2,70,,14856,2,4,,2,30,,14857,2,4,,2,70,,14859,2,4,,2,30,,14860,2,4,,2,70,,14861,2,4,,2,30,,14862,2,4,,2,70,,14863,2,4,,2,30,,14864,2,4,,2,70,,14865,2,4,,2,30,,14866,2,4,,2,70,,14867,2,4,,2,30,,14868,2,4,,2,70,,14870,2,4,,2,30,,14871,2,4,,2
22000210019,'sam',3,,14878,2,4,,2,806,,14879,2,4,,2,30,,14880,2,4,,2,70,,14891,2,4,,2,30,,14892,2,4,,2,70,,14893,2,4,,2,30,,14894,2,4,,2,70,,14895,2,4,,2,30,,14896,2,4,,2,70,,14897,2,4,,2,30,,14898,2,4,,2,70,,14881,2,4,,2,30,,14882,2,4,,2,70,,14883,2,4,,2,30,,14884,2,4,,2,70,,14885,2,4,,2,30,,14886,2,4,,2,70,,14887,2,4,,2,30,,14888,2,4,,2,70,,14889,2,4,,2,30,,14890,2,4,,2
22000220019,'LN',4,,14899,2,4,,2,905,,14900,2,4,,2,30,,14901,2,4,,2,70,,14912,2,4,,2,30,,14921,2,4,,2,70,,14922,2,4,,2,30,,14923,2,4,,2,70,,14924,2,4,,2,30,,14925,2,4,,2,70,,14926,2,4,,2,30,,14927,2,4,,2,70,,14902,2,4,,2,30,,14903,2,4,,2,70,,14904,2,4,,2,30,,14905,2,4,,2,70,,14906,2,4,,2,30,,14907,2,4,,2,70,,14908,2,4,,2,30,,14909,2,4,,2,70,,14910,2,4,,2,30,,14911,2,4,,2,70,,14913,2,4,,2,30,,14914,2,4,,2,70,,14915,2,4,,2,30,,14916,2,4,,2,70,,14917,2,4,,2,30,,14918,2,4,,2,70,,14919,2,4,,2,30,,14920,2,4,,2
22000220019,'VNJA',4,,14928,2,4,,2,705,,14929,2,4,,2,30,,14930,2,4,,2,70,,14941,2,4,,2,30,,14944,2,4,,2,70,,14945,2,4,,2,30,,14946,2,4,,2,70,,14947,2,4,,2,30,,14948,2,4,,2,70,,14949,2,4,,2,30,,14950,2,4,,2,70,,14931,2,4,,2,30,,14932,2,4,,2,70,,14933,2,4,,2,30,,14934,2,4,,2,70,,14935,2,4,,2,30,,14936,2,4,,2,70,,14937,2,4,,2,30,,14938,2,4,,2,70,,14939,2,4,,2,30,,14940,2,4,,2,70,,14942,2,4,,2,30,,14943,2,4,,2
22000220019,'dim',4,,14951,2,4,,2,905,,14952,2,4,,2,30,,14953,2,4,,2,70,,14962,2,4,,2,30,,14963,2,4,,2,70,,14964,2,4,,2,30,,14965,2,4,,2,70,,14966,2,4,,2,30,,14967,2,4,,2,70,,14968,2,4,,2,30,,14969,2,4,,2,70,,14954,2,4,,2,30,,14955,2,4,,2,70,,14956,2,4,,2,30,,14957,2,4,,2,70,,14958,2,4,,2,30,,14959,2,4,,2,70,,14960,2,4,,2,30,,14961,2,4,,2
22000220019,'lun-ven',4,,14970,2,4,,2,705,,14971,2,4,,2,30,,14972,2,4,,2,70,,14983,2,4,,2,30,,14994,2,4,,2,70,,14997,2,4,,2,30,,14998,2,4,,2,70,,14999,2,4,,2,30,,15000,2,4,,2,70,,15001,2,4,,2,30,,15002,2,4,,2,70,,14973,2,4,,2,30,,14974,2,4,,2,70,,14975,2,4,,2,30,,14976,2,4,,2,70,,14977,2,4,,2,30,,14978,2,4,,2,70,,14979,2,4,,2,30,,14980,2,4,,2,70,,14981,2,4,,2,30,,14982,2,4,,2,70,,14984,2,4,,2,30,,14985,2,4,,2,70,,14986,2,4,,2,30,,14987,2,4,,2,70,,14988,2,4,,2,30,,14989,2,4,,2,70,,14990,2,4,,2,30,,14991,2,4,,2,70,,14992,2,4,,2,30,,14993,2,4,,2,70,,14995,2,4,,2,30,,14996,2,4,,2
22000220019,'sam',4,,15003,2,4,,2,805,,15004,2,4,,2,30,,15005,2,4,,2,70,,15016,2,4,,2,30,,15017,2,4,,2,70,,15018,2,4,,2,30,,15019,2,4,,2,70,,15020,2,4,,2,30,,15021,2,4,,2,70,,15022,2,4,,2,30,,15023,2,4,,2,70,,15006,2,4,,2,30,,15007,2,4,,2,70,,15008,2,4,,2,30,,15009,2,4,,2,70,,15010,2,4,,2,30,,15011,2,4,,2,70,,15012,2,4,,2,30,,15013,2,4,,2,70,,15014,2,4,,2,30,,15015,2,4,,2
22000230019,'LN',5,,15024,2,4,,2,904,,15025,2,4,,2,30,,15026,2,4,,2,70,,15037,2,4,,2,30,,15046,2,4,,2,70,,15047,2,4,,2,30,,15048,2,4,,2,70,,15049,2,4,,2,30,,15050,2,4,,2,70,,15051,2,4,,2,30,,15052,2,4,,2,70,,15027,2,4,,2,30,,15028,2,4,,2,70,,15029,2,4,,2,30,,15030,2,4,,2,70,,15031,2,4,,2,30,,15032,2,4,,2,70,,15033,2,4,,2,30,,15034,2,4,,2,70,,15035,2,4,,2,30,,15036,2,4,,2,70,,15038,2,4,,2,30,,15039,2,4,,2,70,,15040,2,4,,2,30,,15041,2,4,,2,70,,15042,2,4,,2,30,,15043,2,4,,2,70,,15044,2,4,,2,30,,15045,2,4,,2
22000230019,'VNJA',5,,15053,2,4,,2,704,,15054,2,4,,2,30,,15055,2,4,,2,70,,15066,2,4,,2,30,,15069,2,4,,2,70,,15070,2,4,,2,30,,15071,2,4,,2,70,,15072,2,4,,2,30,,15073,2,4,,2,70,,15074,2,4,,2,30,,15075,2,4,,2,70,,15056,2,4,,2,30,,15057,2,4,,2,70,,15058,2,4,,2,30,,15059,2,4,,2,70,,15060,2,4,,2,30,,15061,2,4,,2,70,,15062,2,4,,2,30,,15063,2,4,,2,70,,15064,2,4,,2,30,,15065,2,4,,2,70,,15067,2,4,,2,30,,15068,2,4,,2
22000230019,'dim',5,,15076,2,4,,2,904,,15077,2,4,,2,30,,15078,2,4,,2,70,,15087,2,4,,2,30,,15088,2,4,,2,70,,15089,2,4,,2,30,,15090,2,4,,2,70,,15091,2,4,,2,30,,15092,2,4,,2,70,,15093,2,4,,2,30,,15094,2,4,,2,70,,15079,2,4,,2,30,,15080,2,4,,2,70,,15081,2,4,,2,30,,15082,2,4,,2,70,,15083,2,4,,2,30,,15084,2,4,,2,70,,15085,2,4,,2,30,,15086,2,4,,2
22000230019,'lun-ven',5,,15095,2,4,,2,704,,15096,2,4,,2,30,,15097,2,4,,2,70,,15108,2,4,,2,30,,15119,2,4,,2,70,,15122,2,4,,2,30,,15123,2,4,,2,70,,15124,2,4,,2,30,,15125,2,4,,2,70,,15126,2,4,,2,30,,15127,2,4,,2,70,,15098,2,4,,2,30,,15099,2,4,,2,70,,15100,2,4,,2,30,,15101,2,4,,2,70,,15102,2,4,,2,30,,15103,2,4,,2,70,,15104,2,4,,2,30,,15105,2,4,,2,70,,15106,2,4,,2,30,,15107,2,4,,2,70,,15109,2,4,,2,30,,15110,2,4,,2,70,,15111,2,4,,2,30,,15112,2,4,,2,70,,15113,2,4,,2,30,,15114,2,4,,2,70,,15115,2,4,,2,30,,15116,2,4,,2,70,,15117,2,4,,2,30,,15118,2,4,,2,70,,15120,2,4,,2,30,,15121,2,4,,2
22000230019,'sam',5,,15128,2,4,,2,804,,15129,2,4,,2,30,,15130,2,4,,2,70,,15141,2,4,,2,30,,15142,2,4,,2,70,,15143,2,4,,2,30,,15144,2,4,,2,70,,15145,2,4,,2,30,,15146,2,4,,2,70,,15147,2,4,,2,30,,15148,2,4,,2,70,,15131,2,4,,2,30,,15132,2,4,,2,70,,15133,2,4,,2,30,,15134,2,4,,2,70,,15135,2,4,,2,30,,15136,2,4,,2,70,,15137,2,4,,2,30,,15138,2,4,,2,70,,15139,2,4,,2,30,,15140,2,4,,2
22000235019,'LN',5,,15149,2,4,,2,904,,15150,2,4,,2,30,,15151,2,4,,2,70,,15162,2,4,,2,30,,15171,2,4,,2,70,,15172,2,4,,2,30,,15173,2,4,,2,70,,15174,2,4,,2,30,,15175,2,4,,2,70,,15176,2,4,,2,30,,15177,2,4,,2,70,,15152,2,4,,2,30,,15153,2,4,,2,70,,15154,2,4,,2,30,,15155,2,4,,2,70,,15156,2,4,,2,30,,15157,2,4,,2,70,,15158,2,4,,2,30,,15159,2,4,,2,70,,15160,2,4,,2,30,,15161,2,4,,2,70,,15163,2,4,,2,30,,15164,2,4,,2,70,,15165,2,4,,2,30,,15166,2,4,,2,70,,15167,2,4,,2,30,,15168,2,4,,2,70,,15169,2,4,,2,30,,15170,2,4,,2
22000235019,'VNJA',5,,15178,2,4,,2,704,,15179,2,4,,2,30,,15180,2,4,,2,70,,15191,2,4,,2,30,,15194,2,4,,2,70,,15195,2,4,,2,30,,15196,2,4,,2,70,,15197,2,4,,2,30,,15198,2,4,,2,70,,15199,2,4,,2,30,,15200,2,4,,2,70,,15181,2,4,,2,30,,15182,2,4,,2,70,,15183,2,4,,2,30,,15184,2,4,,2,70,,15185,2,4,,2,30,,15186,2,4,,2,70,,15187,2,4,,2,30,,15188,2,4,,2,70,,15189,2,4,,2,30,,15190,2,4,,2,70,,15192,2,4,,2,30,,15193,2,4,,2
22000235019,'dim',5,,15201,2,4,,2,904,,15202,2,4,,2,30,,15203,2,4,,2,70,,15212,2,4,,2,30,,15213,2,4,,2,70,,15214,2,4,,2,30,,15215,2,4,,2,70,,15216,2,4,,2,30,,15217,2,4,,2,70,,15218,2,4,,2,30,,15219,2,4,,2,70,,15204,2,4,,2,30,,15205,2,4,,2,70,,15206,2,4,,2,30,,15207,2,4,,2,70,,15208,2,4,,2,30,,15209,2,4,,2,70,,15210,2,4,,2,30,,15211,2,4,,2
22000235019,'lun-ven',5,,15220,2,4,,2,704,,15221,2,4,,2,30,,15222,2,4,,2,70,,15233,2,4,,2,30,,15244,2,4,,2,70,,15247,2,4,,2,30,,15248,2,4,,2,70,,15249,2,4,,2,30,,15250,2,4,,2,70,,15251,2,4,,2,30,,15252,2,4,,2,70,,15223,2,4,,2,30,,15224,2,4,,2,70,,15225,2,4,,2,30,,15226,2,4,,2,70,,15227,2,4,,2,30,,15228,2,4,,2,70,,15229,2,4,,2,30,,15230,2,4,,2,70,,15231,2,4,,2,30,,15232,2,4,,2,70,,15234,2,4,,2,30,,15235,2,4,,2,70,,15236,2,4,,2,30,,15237,2,4,,2,70,,15238,2,4,,2,30,,15239,2,4,,2,70,,15240,2,4,,2,30,,15241,2,4,,2,70,,15242,2,4,,2,30,,15243,2,4,,2,70,,15245,2,4,,2,30,,15246,2,4,,2
22000235019,'sam',5,,15253,2,4,,2,804,,15254,2,4,,2,30,,15255,2,4,,2,70,,15266,2,4,,2,30,,15267,2,4,,2,70,,15268,2,4,,2,30,,15269,2,4,,2,70,,15270,2,4,,2,30,,15271,2,4,,2,70,,15272,2,4,,2,30,,15273,2,4,,2,70,,15256,2,4,,2,30,,15257,2,4,,2,70,,15258,2,4,,2,30,,15259,2,4,,2,70,,15260,2,4,,2,30,,15261,2,4,,2,70,,15262,2,4,,2,30,,15263,2,4,,2,70,,15264,2,4,,2,30,,15265,2,4,,2
22000240019,'LN',6,,15274,2,4,,2,903,,15275,2,4,,2,30,,15276,2,4,,2,70,,15287,2,4,,2,30,,15296,2,4,,2,70,,15297,2,4,,2,30,,15298,2,4,,2,70,,15299,2,4,,2,30,,15300,2,4,,2,70,,15301,2,4,,2,30,,15302,2,4,,2,70,,15277,2,4,,2,30,,15278,2,4,,2,70,,15279,2,4,,2,30,,15280,2,4,,2,70,,15281,2,4,,2,30,,15282,2,4,,2,70,,15283,2,4,,2,30,,15284,2,4,,2,70,,15285,2,4,,2,30,,15286,2,4,,2,70,,15288,2,4,,2,30,,15289,2,4,,2,70,,15290,2,4,,2,30,,15291,2,4,,2,70,,15292,2,4,,2,30,,15293,2,4,,2,70,,15294,2,4,,2,30,,15295,2,4,,2
22000240019,'VNJA',6,,15303,2,4,,2,703,,15304,2,4,,2,30,,15305,2,4,,2,70,,15316,2,4,,2,30,,15319,2,4,,2,70,,15320,2,4,,2,30,,15321,2,4,,2,70,,15322,2,4,,2,30,,15323,2,4,,2,70,,15324,2,4,,2,30,,15325,2,4,,2,70,,15306,2,4,,2,30,,15307,2,4,,2,70,,15308,2,4,,2,30,,15309,2,4,,2,70,,15310,2,4,,2,30,,15311,2,4,,2,70,,15312,2,4,,2,30,,15313,2,4,,2,70,,15314,2,4,,2,30,,15315,2,4,,2,70,,15317,2,4,,2,30,,15318,2,4,,2
22000240019,'dim',6,,15326,2,4,,2,903,,15327,2,4,,2,30,,15328,2,4,,2,70,,15337,2,4,,2,30,,15338,2,4,,2,70,,15339,2,4,,2,30,,15340,2,4,,2,70,,15341,2,4,,2,30,,15342,2,4,,2,70,,15343,2,4,,2,30,,15344,2,4,,2,70,,15329,2,4,,2,30,,15330,2,4,,2,70,,15331,2,4,,2,30,,15332,2,4,,2,70,,15333,2,4,,2,30,,15334,2,4,,2,70,,15335,2,4,,2,30,,15336,2,4,,2
22000240019,'lun-ven',6,,15345,2,4,,2,703,,15346,2,4,,2,30,,15347,2,4,,2,70,,15358,2,4,,2,30,,15369,2,4,,2,70,,15372,2,4,,2,30,,15373,2,4,,2,70,,15374,2,4,,2,30,,15375,2,4,,2,70,,15376,2,4,,2,30,,15377,2,4,,2,70,,15348,2,4,,2,30,,15349,2,4,,2,70,,15350,2,4,,2,30,,15351,2,4,,2,70,,15352,2,4,,2,30,,15353,2,4,,2,70,,15354,2,4,,2,30,,15355,2,4,,2,70,,15356,2,4,,2,30,,15357,2,4,,2,70,,15359,2,4,,2,30,,15360,2,4,,2,70,,15361,2,4,,2,30,,15362,2,4,,2,70,,15363,2,4,,2,30,,15364,2,4,,2,70,,15365,2,4,,2,30,,15366,2,4,,2,70,,15367,2,4,,2,30,,15368,2,4,,2,70,,15370,2,4,,2,30,,15371,2,4,,2
22000240019,'sam',6,,15378,2,4,,2,803,,15379,2,4,,2,30,,15380,2,4,,2,70,,15391,2,4,,2,30,,15392,2,4,,2,70,,15393,2,4,,2,30,,15394,2,4,,2,70,,15395,2,4,,2,30,,15396,2,4,,2,70,,15397,2,4,,2,30,,15398,2,4,,2,70,,15381,2,4,,2,30,,15382,2,4,,2,70,,15383,2,4,,2,30,,15384,2,4,,2,70,,15385,2,4,,2,30,,15386,2,4,,2,70,,15387,2,4,,2,30,,15388,2,4,,2,70,,15389,2,4,,2,30,,15390,2,4,,2
22000250019,'LN',7,,15399,2,4,,2,902,,15400,2,4,,2,30,,15401,2,4,,2,70,,15412,2,4,,2,30,,15421,2,4,,2,70,,15422,2,4,,2,30,,15423,2,4,,2,70,,15424,2,4,,2,30,,15425,2,4,,2,70,,15426,2,4,,2,30,,15427,2,4,,2,70,,15402,2,4,,2,30,,15403,2,4,,2,70,,15404,2,4,,2,30,,15405,2,4,,2,70,,15406,2,4,,2,30,,15407,2,4,,2,70,,15408,2,4,,2,30,,15409,2,4,,2,70,,15410,2,4,,2,30,,15411,2,4,,2,70,,15413,2,4,,2,30,,15414,2,4,,2,70,,15415,2,4,,2,30,,15416,2,4,,2,70,,15417,2,4,,2,30,,15418,2,4,,2,70,,15419,2,4,,2,30,,15420,2,4,,2
22000250019,'VNJA',7,,15428,2,4,,2,702,,15429,2,4,,2,30,,15430,2,4,,2,70,,15441,2,4,,2,30,,15444,2,4,,2,70,,15445,2,4,,2,30,,15446,2,4,,2,70,,15447,2,4,,2,30,,15448,2,4,,2,70,,15449,2,4,,2,30,,15450,2,4,,2,70,,15431,2,4,,2,30,,15432,2,4,,2,70,,15433,2,4,,2,30,,15434,2,4,,2,70,,15435,2,4,,2,30,,15436,2,4,,2,70,,15437,2,4,,2,30,,15438,2,4,,2,70,,15439,2,4,,2,30,,15440,2,4,,2,70,,15442,2,4,,2,30,,15443,2,4,,2
22000250019,'dim',7,,15451,2,4,,2,902,,15452,2,4,,2,30,,15453,2,4,,2,70,,15462,2,4,,2,30,,15463,2,4,,2,70,,15464,2,4,,2,30,,15465,2,4,,2,70,,15466,2,4,,2,30,,15467,2,4,,2,70,,15468,2,4,,2,30,,15469,2,4,,2,70,,15454,2,4,,2,30,,15455,2,4,,2,70,,15456,2,4,,2,30,,15457,2,4,,2,70,,15458,2,4,,2,30,,15459,2,4,,2,70,,15460,2,4,,2,30,,15461,2,4,,2
22000250019,'lun-ven',7,,15470,2,4,,2,702,,15471,2,4,,2,30,,15472,2,4,,2,70,,15483,2,4,,2,30,,15494,2,4,,2,70,,15497,2,4,,2,30,,15498,2,4,,2,70,,15499,2,4,,2,30,,15500,2,4,,2,70,,15501,2,4,,2,30,,15502,2,4,,2,70,,15473,2,4,,2,30,,15474,2,4,,2,70,,15475,2,4,,2,30,,15476,2,4,,2,70,,15477,2,4,,2,30,,15478,2,4,,2,70,,15479,2,4,,2,30,,15480,2,4,,2,70,,15481,2,4,,2,30,,15482,2,4,,2,70,,15484,2,4,,2,30,,15485,2,4,,2,70,,15486,2,4,,2,30,,15487,2,4,,2,70,,15488,2,4,,2,30,,15489,2,4,,2,70,,15490,2,4,,2,30,,15491,2,4,,2,70,,15492,2,4,,2,30,,15493,2,4,,2,70,,15495,2,4,,2,30,,15496,2,4,,2
22000250019,'sam',7,,15503,2,4,,2,802,,15504,2,4,,2,30,,15505,2,4,,2,70,,15516,2,4,,2,30,,15517,2,4,,2,70,,15518,2,4,,2,30,,15519,2,4,,2,70,,15520,2,4,,2,30,,15521,2,4,,2,70,,15522,2,4,,2,30,,15523,2,4,,2,70,,15506,2,4,,2,30,,15507,2,4,,2,70,,15508,2,4,,2,30,,15509,2,4,,2,70,,15510,2,4,,2,30,,15511,2,4,,2,70,,15512,2,4,,2,30,,15513,2,4,,2,70,,15514,2,4,,2,30,,15515,2,4,,2
22000260019,'LN',6,,15524,2,4,,2,903,,15525,2,4,,2,30,,15526,2,4,,2,70,,15537,2,4,,2,30,,15546,2,4,,2,70,,15547,2,4,,2,30,,15548,2,4,,2,70,,15549,2,4,,2,30,,15550,2,4,,2,70,,15551,2,4,,2,30,,15552,2,4,,2,70,,15527,2,4,,2,30,,15528,2,4,,2,70,,15529,2,4,,2,30,,15530,2,4,,2,70,,15531,2,4,,2,30,,15532,2,4,,2,70,,15533,2,4,,2,30,,15534,2,4,,2,70,,15535,2,4,,2,30,,15536,2,4,,2,70,,15538,2,4,,2,30,,15539,2,4,,2,70,,15540,2,4,,2,30,,15541,2,4,,2,70,,15542,2,4,,2,30,,15543,2,4,,2,70,,15544,2,4,,2,30,,15545,2,4,,2
22000260019,'VNJA',6,,15553,2,4,,2,703,,15554,2,4,,2,30,,15555,2,4,,2,70,,15566,2,4,,2,30,,15569,2,4,,2,70,,15570,2,4,,2,30,,15571,2,4,,2,70,,15572,2,4,,2,30,,15573,2,4,,2,70,,15574,2,4,,2,30,,15575,2,4,,2,70,,15556,2,4,,2,30,,15557,2,4,,2,70,,15558,2,4,,2,30,,15559,2,4,,2,70,,15560,2,4,,2,30,,15561,2,4,,2,70,,15562,2,4,,2,30,,15563,2,4,,2,70,,15564,2,4,,2,30,,15565,2,4,,2,70,,15567,2,4,,2,30,,15568,2,4,,2
22000260019,'dim',6,,15576,2,4,,2,903,,15577,2,4,,2,30,,15578,2,4,,2,70,,15587,2,4,,2,30,,15588,2,4,,2,70,,15589,2,4,,2,30,,15590,2,4,,2,70,,15591,2,4,,2,30,,15592,2,4,,2,70,,15593,2,4,,2,30,,15594,2,4,,2,70,,15579,2,4,,2,30,,15580,2,4,,2,70,,15581,2,4,,2,30,,15582,2,4,,2,70,,15583,2,4,,2,30,,15584,2,4,,2,70,,15585,2,4,,2,30,,15586,2,4,,2
22000260019,'lun-ven',6,,15595,2,4,,2,703,,15596,2,4,,2,30,,15597,2,4,,2,70,,15608,2,4,,2,30,,15619,2,4,,2,70,,15622,2,4,,2,30,,15623,2,4,,2,70,,15624,2,4,,2,30,,15625,2,4,,2,70,,15626,2,4,,2,30,,15627,2,4,,2,70,,15598,2,4,,2,30,,15599,2,4,,2,70,,15600,2,4,,2,30,,15601,2,4,,2,70,,15602,2,4,,2,30,,15603,2,4,,2,70,,15604,2,4,,2,30,,15605,2,4,,2,70,,15606,2,4,,2,30,,15607,2,4,,2,70,,15609,2,4,,2,30,,15610,2,4,,2,70,,15611,2,4,,2,30,,15612,2,4,,2,70,,15613,2,4,,2,30,,15614,2,4,,2,70,,15615,2,4,,2,30,,15616,2,4,,2,70,,15617,2,4,,2,30,,15618,2,4,,2,70,,15620,2,4,,2,30,,15621,2,4,,2
22000260019,'sam',6,,15628,2,4,,2,803,,15629,2,4,,2,30,,15630,2,4,,2,70,,15641,2,4,,2,30,,15642,2,4,,2,70,,15643,2,4,,2,30,,15644,2,4,,2,70,,15645,2,4,,2,30,,15646,2,4,,2,70,,15647,2,4,,2,30,,15648,2,4,,2,70,,15631,2,4,,2,30,,15632,2,4,,2,70,,15633,2,4,,2,30,,15634,2,4,,2,70,,15635,2,4,,2,30,,15636,2,4,,2,70,,15637,2,4,,2,30,,15638,2,4,,2,70,,15639,2,4,,2,30,,15640,2,4,,2
