8019,'VNJA',9,,634,6,,,2,547,,628,6,,,2,70,,629,6,,,2,30,,630,6,,,2,70,,631,6,,,2,30,,632,6,,,2,70,,633,6,,,2,600,,635,6,,,2,30,,636,6,,,2,70,,637,6,,,2,30,,638,6,,,2,70,,639,6,,,2,30,,640,6,,,2
8019,'lun-ven',9,,655,6,,,2,547,,642,6,,,2,70,,643,6,,,2,30,,644,6,,,2,70,,645,6,,,2,30,,646,6,,,2,70,,647,6,,,2,600,,649,6,,,2,30,,650,6,,,2,70,,651,6,,,2,30,,652,6,,,2,70,,653,6,,,2,30,,654,6,,,2,570,,656,6,,,2,30,,657,6,,,2,70,,658,6,,,2,30,,659,6,,,2
7000100019,'LN',13,,3888,2,4,,2,913,,3889,2,4,,2,30,,3890,2,4,,2,70,,3901,2,4,,2,30,,3910,2,4,,2,70,,3911,2,4,,2,30,,3912,2,4,,2,70,,3913,2,4,,2,30,,3914,2,4,,2,70,,3915,2,4,,2,30,,3916,2,4,,2,70,,3891,2,4,,2,30,,3892,2,4,,2,70,,3893,2,4,,2,30,,3894,2,4,,2,70,,3895,2,4,,2,30,,3896,2,4,,2,70,,3897,2,4,,2,30,,3898,2,4,,2,70,,3899,2,4,,2,30,,3900,2,4,,2,70,,3902,2,4,,2,30,,3903,2,4,,2,70,,3904,2,4,,2,30,,3905,2,4,,2,70,,3906,2,4,,2,30,,3907,2,4,,2,70,,3908,2,4,,2,30,,3909,2,4,,2
7000100019,'VNJA',13,,4148,2,4,,2,713,,4149,2,4,,2,30,,4150,2,4,,2,70,,4161,2,4,,2,30,,4164,2,4,,2,70,,4165,2,4,,2,30,,4166,2,4,,2,70,,4167,2,4,,2,30,,4168,2,4,,2,70,,4169,2,4,,2,30,,4170,2,4,,2,70,,4151,2,4,,2,30,,4152,2,4,,2,70,,4153,2,4,,2,30,,4154,2,4,,2,70,,4155,2,4,,2,30,,4156,2,4,,2,70,,4157,2,4,,2,30,,4158,2,4,,2,70,,4159,2,4,,2,30,,4160,2,4,,2,70,,4162,2,4,,2,30,,4163,2,4,,2
7000100019,'dim',13,,4358,2,4,,2,913,,4359,2,4,,2,30,,4360,2,4,,2,70,,4369,2,4,,2,30,,4370,2,4,,2,70,,4371,2,4,,2,30,,4372,2,4,,2,70,,4373,2,4,,2,30,,4374,2,4,,2,70,,4375,2,4,,2,30,,4376,2,4,,2,70,,4361,2,4,,2,30,,4362,2,4,,2,70,,4363,2,4,,2,30,,4364,2,4,,2,70,,4365,2,4,,2,30,,4366,2,4,,2,70,,4367,2,4,,2,30,,4368,2,4,,2
7000100019,'lun-ven',13,,4618,2,4,,2,713,,4619,2,4,,2,30,,4620,2,4,,2,70,,4631,2,4,,2,30,,4642,2,4,,2,70,,4645,2,4,,2,30,,4646,2,4,,2,70,,4647,2,4,,2,30,,4648,2,4,,2,70,,4649,2,4,,2,30,,4650,2,4,,2,70,,4621,2,4,,2,30,,4622,2,4,,2,70,,4623,2,4,,2,30,,4624,2,4,,2,70,,4625,2,4,,2,30,,4626,2,4,,2,70,,4627,2,4,,2,30,,4628,2,4,,2,70,,4629,2,4,,2,30,,4630,2,4,,2,70,,4632,2,4,,2,30,,4633,2,4,,2,70,,4634,2,4,,2,30,,4635,2,4,,2,70,,4636,2,4,,2,30,,4637,2,4,,2,70,,4638,2,4,,2,30,,4639,2,4,,2,70,,4640,2,4,,2,30,,4641,2,4,,2,70,,4643,2,4,,2,30,,4644,2,4,,2
7000100019,'sam',13,,4888,2,4,,2,813,,4889,2,4,,2,30,,4890,2,4,,2,70,,4901,2,4,,2,30,,4902,2,4,,2,70,,4903,2,4,,2,30,,4904,2,4,,2,70,,4905,2,4,,2,30,,4906,2,4,,2,70,,4907,2,4,,2,30,,4908,2,4,,2,70,,4891,2,4,,2,30,,4892,2,4,,2,70,,4893,2,4,,2,30,,4894,2,4,,2,70,,4895,2,4,,2,30,,4896,2,4,,2,70,,4897,2,4,,2,30,,4898,2,4,,2,70,,4899,2,4,,2,30,,4900,2,4,,2
7000140019,'LN',0,,5643,1,,,2,854,,5644,1,,,2,70,,5645,1,,,2,30,,5656,1,,,2,70,,5666,1,,,2,30,,5667,1,,,2,70,,5668,1,,,2,30,,5669,1,,,2,70,,5670,1,,,2,30,,5671,1,,,2,70,,5672,1,,,2,30,,5646,1,,,2,70,,5647,1,,,2,30,,5648,1,,,2,70,,5649,1,,,2,30,,5650,1,,,2,70,,5651,1,,,2,30,,5652,1,,,2,70,,5653,1,,,2,30,,5654,1,,,2,70,,5655,1,,,2,30,,5657,1,,,2,70,,5658,1,,,2,30,,5659,1,,,2,70,,5660,1,,,2,30,,5661,1,,,2,70,,5662,1,,,2,30,,5663,1,,,2,70,,5664,1,,,2,30,,5665,1,,,2
7000140019,'VNJA',0,,5673,1,,,2,654,,5674,1,,,2,70,,5675,1,,,2,30,,5686,1,,,2,70,,5690,1,,,2,30,,5691,1,,,2,70,,5692,1,,,2,30,,5693,1,,,2,70,,5694,1,,,2,30,,5695,1,,,2,70,,5696,1,,,2,30,,5676,1,,,2,70,,5677,1,,,2,30,,5678,1,,,2,70,,5679,1,,,2,30,,5680,1,,,2,70,,5681,1,,,2,30,,5682,1,,,2,70,,5683,1,,,2,30,,5684,1,,,2,70,,5685,1,,,2,30,,5687,1,,,2,70,,5688,1,,,2,30,,5689,1,,,2
7000140019,'dim',0,,5697,1,,,2,854,,5698,1,,,2,70,,5699,1,,,2,30,,5709,1,,,2,70,,5710,1,,,2,30,,5711,1,,,2,70,,5712,1,,,2,30,,5713,1,,,2,70,,5714,1,,,2,30,,5715,1,,,2,70,,5716,1,,,2,30,,5700,1,,,2,70,,5701,1,,,2,30,,5702,1,,,2,70,,5703,1,,,2,30,,5704,1,,,2,70,,5705,1,,,2,30,,5706,1,,,2,70,,5707,1,,,2,30,,5708,1,,,2
7000140019,'lun-ven',0,,5717,1,,,2,654,,5718,1,,,2,70,,5719,1,,,2,30,,5730,1,,,2,70,,5741,1,,,2,30,,5745,1,,,2,70,,5746,1,,,2,30,,5747,1,,,2,70,,5748,1,,,2,30,,5749,1,,,2,70,,5750,1,,,2,30,,5720,1,,,2,70,,5721,1,,,2,30,,5722,1,,,2,70,,5723,1,,,2,30,,5724,1,,,2,70,,5725,1,,,2,30,,5726,1,,,2,70,,5727,1,,,2,30,,5728,1,,,2,70,,5729,1,,,2,30,,5731,1,,,2,70,,5732,1,,,2,30,,5733,1,,,2,70,,5734,1,,,2,30,,5735,1,,,2,70,,5736,1,,,2,30,,5737,1,,,2,70,,5738,1,,,2,30,,5739,1,,,2,70,,5740,1,,,2,30,,5742,1,,,2,70,,5743,1,,,2,30,,5744,1,,,2
7000140019,'sam',0,,5751,1,,,2,754,,5752,1,,,2,70,,5753,1,,,2,30,,5764,1,,,2,70,,5766,1,,,2,30,,5767,1,,,2,70,,5768,1,,,2,30,,5769,1,,,2,70,,5770,1,,,2,30,,5771,1,,,2,70,,5772,1,,,2,30,,5754,1,,,2,70,,5755,1,,,2,30,,5756,1,,,2,70,,5757,1,,,2,30,,5758,1,,,2,70,,5759,1,,,2,30,,5760,1,,,2,70,,5761,1,,,2,30,,5762,1,,,2,70,,5763,1,,,2,30,,5765,1,,,2
