18000300019,'LN',11,,13389,2,4,,2,913,,13390,2,4,,2,30,,13391,2,4,,2,70,,13402,2,4,,2,30,,13411,2,4,,2,70,,13412,2,4,,2,30,,13413,2,4,,2,70,,13414,2,4,,2,30,,13415,2,4,,2,70,,13416,2,4,,2,30,,13417,2,4,,2,70,,13392,2,4,,2,30,,13393,2,4,,2,70,,13394,2,4,,2,30,,13395,2,4,,2,70,,13396,2,4,,2,30,,13397,2,4,,2,70,,13398,2,4,,2,30,,13399,2,4,,2,70,,13400,2,4,,2,30,,13401,2,4,,2,70,,13403,2,4,,2,30,,13404,2,4,,2,70,,13405,2,4,,2,30,,13406,2,4,,2,70,,13407,2,4,,2,30,,13408,2,4,,2,70,,13409,2,4,,2,30,,13410,2,4,,2
18000300019,'VNJA',11,,13447,2,4,,2,713,,13448,2,4,,2,30,,13449,2,4,,2,70,,13460,2,4,,2,30,,13463,2,4,,2,70,,13464,2,4,,2,30,,13465,2,4,,2,70,,13466,2,4,,2,30,,13467,2,4,,2,70,,13468,2,4,,2,30,,13469,2,4,,2,70,,13450,2,4,,2,30,,13451,2,4,,2,70,,13452,2,4,,2,30,,13453,2,4,,2,70,,13454,2,4,,2,30,,13455,2,4,,2,70,,13456,2,4,,2,30,,13457,2,4,,2,70,,13458,2,4,,2,30,,13459,2,4,,2,70,,13461,2,4,,2,30,,13462,2,4,,2
18000300019,'dim',11,,13493,2,4,,2,913,,13494,2,4,,2,30,,13495,2,4,,2,70,,13504,2,4,,2,30,,13505,2,4,,2,70,,13506,2,4,,2,30,,13507,2,4,,2,70,,13508,2,4,,2,30,,13509,2,4,,2,70,,13510,2,4,,2,30,,13511,2,4,,2,70,,13496,2,4,,2,30,,13497,2,4,,2,70,,13498,2,4,,2,30,,13499,2,4,,2,70,,13500,2,4,,2,30,,13501,2,4,,2,70,,13502,2,4,,2,30,,13503,2,4,,2
18000300019,'lun-ven',11,,13531,2,4,,2,713,,13532,2,4,,2,30,,13533,2,4,,2,70,,13544,2,4,,2,30,,13555,2,4,,2,70,,13558,2,4,,2,30,,13559,2,4,,2,70,,13560,2,4,,2,30,,13561,2,4,,2,70,,13562,2,4,,2,30,,13563,2,4,,2,70,,13534,2,4,,2,30,,13535,2,4,,2,70,,13536,2,4,,2,30,,13537,2,4,,2,70,,13538,2,4,,2,30,,13539,2,4,,2,70,,13540,2,4,,2,30,,13541,2,4,,2,70,,13542,2,4,,2,30,,13543,2,4,,2,70,,13545,2,4,,2,30,,13546,2,4,,2,70,,13547,2,4,,2,30,,13548,2,4,,2,70,,13549,2,4,,2,30,,13550,2,4,,2,70,,13551,2,4,,2,30,,13552,2,4,,2,70,,13553,2,4,,2,30,,13554,2,4,,2,70,,13556,2,4,,2,30,,13557,2,4,,2
18000300019,'sam',11,,13597,2,4,,2,813,,13598,2,4,,2,30,,13599,2,4,,2,70,,13610,2,4,,2,30,,13611,2,4,,2,70,,13612,2,4,,2,30,,13613,2,4,,2,70,,13614,2,4,,2,30,,13615,2,4,,2,70,,13616,2,4,,2,30,,13617,2,4,,2,70,,13600,2,4,,2,30,,13601,2,4,,2,70,,13602,2,4,,2,30,,13603,2,4,,2,70,,13604,2,4,,2,30,,13605,2,4,,2,70,,13606,2,4,,2,30,,13607,2,4,,2,70,,13608,2,4,,2,30,,13609,2,4,,2
18000310019,'LN',0,,13639,1,,,2,856,,13640,1,,,2,70,,13641,1,,,2,30,,13652,1,,,2,70,,13662,1,,,2,30,,13663,1,,,2,70,,13664,1,,,2,30,,13665,1,,,2,70,,13666,1,,,2,30,,13667,1,,,2,70,,13668,1,,,2,30,,13642,1,,,2,70,,13643,1,,,2,30,,13644,1,,,2,70,,13645,1,,,2,30,,13646,1,,,2,70,,13647,1,,,2,30,,13648,1,,,2,70,,13649,1,,,2,30,,13650,1,,,2,70,,13651,1,,,2,30,,13653,1,,,2,70,,13654,1,,,2,30,,13655,1,,,2,70,,13656,1,,,2,30,,13657,1,,,2,70,,13658,1,,,2,30,,13659,1,,,2,70,,13660,1,,,2,30,,13661,1,,,2
18000310019,'VNJA',0,,13669,1,,,2,656,,13670,1,,,2,70,,13671,1,,,2,30,,13682,1,,,2,70,,13686,1,,,2,30,,13687,1,,,2,70,,13688,1,,,2,30,,13689,1,,,2,70,,13690,1,,,2,30,,13691,1,,,2,70,,13692,1,,,2,30,,13672,1,,,2,70,,13673,1,,,2,30,,13674,1,,,2,70,,13675,1,,,2,30,,13676,1,,,2,70,,13677,1,,,2,30,,13678,1,,,2,70,,13679,1,,,2,30,,13680,1,,,2,70,,13681,1,,,2,30,,13683,1,,,2,70,,13684,1,,,2,30,,13685,1,,,2
18000310019,'dim',0,,13693,1,,,2,856,,13694,1,,,2,70,,13695,1,,,2,30,,13705,1,,,2,70,,13706,1,,,2,30,,13707,1,,,2,70,,13708,1,,,2,30,,13709,1,,,2,70,,13710,1,,,2,30,,13711,1,,,2,70,,13712,1,,,2,30,,13696,1,,,2,70,,13697,1,,,2,30,,13698,1,,,2,70,,13699,1,,,2,30,,13700,1,,,2,70,,13701,1,,,2,30,,13702,1,,,2,70,,13703,1,,,2,30,,13704,1,,,2
18000310019,'lun-ven',0,,13713,1,,,2,656,,13714,1,,,2,70,,13715,1,,,2,30,,13726,1,,,2,70,,13737,1,,,2,30,,13741,1,,,2,70,,13742,1,,,2,30,,13743,1,,,2,70,,13744,1,,,2,30,,13745,1,,,2,70,,13746,1,,,2,30,,13716,1,,,2,70,,13717,1,,,2,30,,13718,1,,,2,70,,13719,1,,,2,30,,13720,1,,,2,70,,13721,1,,,2,30,,13722,1,,,2,70,,13723,1,,,2,30,,13724,1,,,2,70,,13725,1,,,2,30,,13727,1,,,2,70,,13728,1,,,2,30,,13729,1,,,2,70,,13730,1,,,2,30,,13731,1,,,2,70,,13732,1,,,2,30,,13733,1,,,2,70,,13734,1,,,2,30,,13735,1,,,2,70,,13736,1,,,2,30,,13738,1,,,2,70,,13739,1,,,2,30,,13740,1,,,2
18000310019,'sam',0,,13747,1,,,2,756,,13748,1,,,2,70,,13749,1,,,2,30,,13760,1,,,2,70,,13762,1,,,2,30,,13763,1,,,2,70,,13764,1,,,2,30,,13765,1,,,2,70,,13766,1,,,2,30,,13767,1,,,2,70,,13768,1,,,2,30,,13750,1,,,2,70,,13751,1,,,2,30,,13752,1,,,2,70,,13753,1,,,2,30,,13754,1,,,2,70,,13755,1,,,2,30,,13756,1,,,2,70,,13757,1,,,2,30,,13758,1,,,2,70,,13759,1,,,2,30,,13761,1,,,2
