7000100019,'LN',15,,3801,2,4,,2,913,,3802,2,4,,2,30,,3803,2,4,,2,70,,3814,2,4,,2,30,,3823,2,4,,2,70,,3824,2,4,,2,30,,3825,2,4,,2,70,,3826,2,4,,2,30,,3827,2,4,,2,70,,3828,2,4,,2,30,,3829,2,4,,2,70,,3804,2,4,,2,30,,3805,2,4,,2,70,,3806,2,4,,2,30,,3807,2,4,,2,70,,3808,2,4,,2,30,,3809,2,4,,2,70,,3810,2,4,,2,30,,3811,2,4,,2,70,,3812,2,4,,2,30,,3813,2,4,,2,70,,3815,2,4,,2,30,,3816,2,4,,2,70,,3817,2,4,,2,30,,3818,2,4,,2,70,,3819,2,4,,2,30,,3820,2,4,,2,70,,3821,2,4,,2,30,,3822,2,4,,2
7000100019,'VNJA',15,,4079,2,4,,2,713,,4080,2,4,,2,30,,4081,2,4,,2,70,,4092,2,4,,2,30,,4095,2,4,,2,70,,4096,2,4,,2,30,,4097,2,4,,2,70,,4098,2,4,,2,30,,4099,2,4,,2,70,,4100,2,4,,2,30,,4101,2,4,,2,70,,4082,2,4,,2,30,,4083,2,4,,2,70,,4084,2,4,,2,30,,4085,2,4,,2,70,,4086,2,4,,2,30,,4087,2,4,,2,70,,4088,2,4,,2,30,,4089,2,4,,2,70,,4090,2,4,,2,30,,4091,2,4,,2,70,,4093,2,4,,2,30,,4094,2,4,,2
7000100019,'dim',15,,4301,2,4,,2,913,,4302,2,4,,2,30,,4303,2,4,,2,70,,4312,2,4,,2,30,,4313,2,4,,2,70,,4314,2,4,,2,30,,4315,2,4,,2,70,,4316,2,4,,2,30,,4317,2,4,,2,70,,4318,2,4,,2,30,,4319,2,4,,2,70,,4304,2,4,,2,30,,4305,2,4,,2,70,,4306,2,4,,2,30,,4307,2,4,,2,70,,4308,2,4,,2,30,,4309,2,4,,2,70,,4310,2,4,,2,30,,4311,2,4,,2
7000100019,'lun-ven',15,,4519,2,4,,2,713,,4520,2,4,,2,30,,4521,2,4,,2,70,,4532,2,4,,2,30,,4543,2,4,,2,70,,4546,2,4,,2,30,,4547,2,4,,2,70,,4548,2,4,,2,30,,4549,2,4,,2,70,,4550,2,4,,2,30,,4551,2,4,,2,70,,4522,2,4,,2,30,,4523,2,4,,2,70,,4524,2,4,,2,30,,4525,2,4,,2,70,,4526,2,4,,2,30,,4527,2,4,,2,70,,4528,2,4,,2,30,,4529,2,4,,2,70,,4530,2,4,,2,30,,4531,2,4,,2,70,,4533,2,4,,2,30,,4534,2,4,,2,70,,4535,2,4,,2,30,,4536,2,4,,2,70,,4537,2,4,,2,30,,4538,2,4,,2,70,,4539,2,4,,2,30,,4540,2,4,,2,70,,4541,2,4,,2,30,,4542,2,4,,2,70,,4544,2,4,,2,30,,4545,2,4,,2
7000100019,'sam',15,,4825,2,4,,2,813,,4826,2,4,,2,30,,4827,2,4,,2,70,,4838,2,4,,2,30,,4839,2,4,,2,70,,4840,2,4,,2,30,,4841,2,4,,2,70,,4842,2,4,,2,30,,4843,2,4,,2,70,,4844,2,4,,2,30,,4845,2,4,,2,70,,4828,2,4,,2,30,,4829,2,4,,2,70,,4830,2,4,,2,30,,4831,2,4,,2,70,,4832,2,4,,2,30,,4833,2,4,,2,70,,4834,2,4,,2,30,,4835,2,4,,2,70,,4836,2,4,,2,30,,4837,2,4,,2
7000120019,'LN',0,,5253,1,,,2,850,,5254,1,,,2,70,,5255,1,,,2,30,,5266,1,,,2,70,,5276,1,,,2,30,,5277,1,,,2,70,,5278,1,,,2,30,,5279,1,,,2,70,,5280,1,,,2,30,,5281,1,,,2,70,,5282,1,,,2,30,,5256,1,,,2,70,,5257,1,,,2,30,,5258,1,,,2,70,,5259,1,,,2,30,,5260,1,,,2,70,,5261,1,,,2,30,,5262,1,,,2,70,,5263,1,,,2,30,,5264,1,,,2,70,,5265,1,,,2,30,,5267,1,,,2,70,,5268,1,,,2,30,,5269,1,,,2,70,,5270,1,,,2,30,,5271,1,,,2,70,,5272,1,,,2,30,,5273,1,,,2,70,,5274,1,,,2,30,,5275,1,,,2
7000120019,'VNJA',0,,5283,1,,,2,650,,5284,1,,,2,70,,5285,1,,,2,30,,5296,1,,,2,70,,5300,1,,,2,30,,5301,1,,,2,70,,5302,1,,,2,30,,5303,1,,,2,70,,5304,1,,,2,30,,5305,1,,,2,70,,5306,1,,,2,30,,5286,1,,,2,70,,5287,1,,,2,30,,5288,1,,,2,70,,5289,1,,,2,30,,5290,1,,,2,70,,5291,1,,,2,30,,5292,1,,,2,70,,5293,1,,,2,30,,5294,1,,,2,70,,5295,1,,,2,30,,5297,1,,,2,70,,5298,1,,,2,30,,5299,1,,,2
7000120019,'dim',0,,5307,1,,,2,850,,5308,1,,,2,70,,5309,1,,,2,30,,5319,1,,,2,70,,5320,1,,,2,30,,5321,1,,,2,70,,5322,1,,,2,30,,5323,1,,,2,70,,5324,1,,,2,30,,5325,1,,,2,70,,5326,1,,,2,30,,5310,1,,,2,70,,5311,1,,,2,30,,5312,1,,,2,70,,5313,1,,,2,30,,5314,1,,,2,70,,5315,1,,,2,30,,5316,1,,,2,70,,5317,1,,,2,30,,5318,1,,,2
7000120019,'lun-ven',0,,5327,1,,,2,650,,5328,1,,,2,70,,5329,1,,,2,30,,5340,1,,,2,70,,5351,1,,,2,30,,5355,1,,,2,70,,5356,1,,,2,30,,5357,1,,,2,70,,5358,1,,,2,30,,5359,1,,,2,70,,5360,1,,,2,30,,5330,1,,,2,70,,5331,1,,,2,30,,5332,1,,,2,70,,5333,1,,,2,30,,5334,1,,,2,70,,5335,1,,,2,30,,5336,1,,,2,70,,5337,1,,,2,30,,5338,1,,,2,70,,5339,1,,,2,30,,5341,1,,,2,70,,5342,1,,,2,30,,5343,1,,,2,70,,5344,1,,,2,30,,5345,1,,,2,70,,5346,1,,,2,30,,5347,1,,,2,70,,5348,1,,,2,30,,5349,1,,,2,70,,5350,1,,,2,30,,5352,1,,,2,70,,5353,1,,,2,30,,5354,1,,,2
7000120019,'sam',0,,5361,1,,,2,750,,5362,1,,,2,70,,5363,1,,,2,30,,5374,1,,,2,70,,5376,1,,,2,30,,5377,1,,,2,70,,5378,1,,,2,30,,5379,1,,,2,70,,5380,1,,,2,30,,5381,1,,,2,70,,5382,1,,,2,30,,5364,1,,,2,70,,5365,1,,,2,30,,5366,1,,,2,70,,5367,1,,,2,30,,5368,1,,,2,70,,5369,1,,,2,30,,5370,1,,,2,70,,5371,1,,,2,30,,5372,1,,,2,70,,5373,1,,,2,30,,5375,1,,,2
