7000100019,'LN',15,,3772,2,4,,2,913,,3773,2,4,,2,30,,3774,2,4,,2,70,,3785,2,4,,2,30,,3794,2,4,,2,70,,3795,2,4,,2,30,,3796,2,4,,2,70,,3797,2,4,,2,30,,3798,2,4,,2,70,,3799,2,4,,2,30,,3800,2,4,,2,70,,3775,2,4,,2,30,,3776,2,4,,2,70,,3777,2,4,,2,30,,3778,2,4,,2,70,,3779,2,4,,2,30,,3780,2,4,,2,70,,3781,2,4,,2,30,,3782,2,4,,2,70,,3783,2,4,,2,30,,3784,2,4,,2,70,,3786,2,4,,2,30,,3787,2,4,,2,70,,3788,2,4,,2,30,,3789,2,4,,2,70,,3790,2,4,,2,30,,3791,2,4,,2,70,,3792,2,4,,2,30,,3793,2,4,,2
7000100019,'VNJA',15,,4056,2,4,,2,713,,4057,2,4,,2,30,,4058,2,4,,2,70,,4069,2,4,,2,30,,4072,2,4,,2,70,,4073,2,4,,2,30,,4074,2,4,,2,70,,4075,2,4,,2,30,,4076,2,4,,2,70,,4077,2,4,,2,30,,4078,2,4,,2,70,,4059,2,4,,2,30,,4060,2,4,,2,70,,4061,2,4,,2,30,,4062,2,4,,2,70,,4063,2,4,,2,30,,4064,2,4,,2,70,,4065,2,4,,2,30,,4066,2,4,,2,70,,4067,2,4,,2,30,,4068,2,4,,2,70,,4070,2,4,,2,30,,4071,2,4,,2
7000100019,'dim',15,,4282,2,4,,2,913,,4283,2,4,,2,30,,4284,2,4,,2,70,,4293,2,4,,2,30,,4294,2,4,,2,70,,4295,2,4,,2,30,,4296,2,4,,2,70,,4297,2,4,,2,30,,4298,2,4,,2,70,,4299,2,4,,2,30,,4300,2,4,,2,70,,4285,2,4,,2,30,,4286,2,4,,2,70,,4287,2,4,,2,30,,4288,2,4,,2,70,,4289,2,4,,2,30,,4290,2,4,,2,70,,4291,2,4,,2,30,,4292,2,4,,2
7000100019,'lun-ven',15,,4486,2,4,,2,713,,4487,2,4,,2,30,,4488,2,4,,2,70,,4499,2,4,,2,30,,4510,2,4,,2,70,,4513,2,4,,2,30,,4514,2,4,,2,70,,4515,2,4,,2,30,,4516,2,4,,2,70,,4517,2,4,,2,30,,4518,2,4,,2,70,,4489,2,4,,2,30,,4490,2,4,,2,70,,4491,2,4,,2,30,,4492,2,4,,2,70,,4493,2,4,,2,30,,4494,2,4,,2,70,,4495,2,4,,2,30,,4496,2,4,,2,70,,4497,2,4,,2,30,,4498,2,4,,2,70,,4500,2,4,,2,30,,4501,2,4,,2,70,,4502,2,4,,2,30,,4503,2,4,,2,70,,4504,2,4,,2,30,,4505,2,4,,2,70,,4506,2,4,,2,30,,4507,2,4,,2,70,,4508,2,4,,2,30,,4509,2,4,,2,70,,4511,2,4,,2,30,,4512,2,4,,2
7000100019,'sam',15,,4804,2,4,,2,813,,4805,2,4,,2,30,,4806,2,4,,2,70,,4817,2,4,,2,30,,4818,2,4,,2,70,,4819,2,4,,2,30,,4820,2,4,,2,70,,4821,2,4,,2,30,,4822,2,4,,2,70,,4823,2,4,,2,30,,4824,2,4,,2,70,,4807,2,4,,2,30,,4808,2,4,,2,70,,4809,2,4,,2,30,,4810,2,4,,2,70,,4811,2,4,,2,30,,4812,2,4,,2,70,,4813,2,4,,2,30,,4814,2,4,,2,70,,4815,2,4,,2,30,,4816,2,4,,2
7000115019,'LN',0,,5123,1,,,2,848,,5124,1,,,2,70,,5125,1,,,2,30,,5136,1,,,2,70,,5146,1,,,2,30,,5147,1,,,2,70,,5148,1,,,2,30,,5149,1,,,2,70,,5150,1,,,2,30,,5151,1,,,2,70,,5152,1,,,2,30,,5126,1,,,2,70,,5127,1,,,2,30,,5128,1,,,2,70,,5129,1,,,2,30,,5130,1,,,2,70,,5131,1,,,2,30,,5132,1,,,2,70,,5133,1,,,2,30,,5134,1,,,2,70,,5135,1,,,2,30,,5137,1,,,2,70,,5138,1,,,2,30,,5139,1,,,2,70,,5140,1,,,2,30,,5141,1,,,2,70,,5142,1,,,2,30,,5143,1,,,2,70,,5144,1,,,2,30,,5145,1,,,2
7000115019,'VNJA',0,,5153,1,,,2,648,,5154,1,,,2,70,,5155,1,,,2,30,,5166,1,,,2,70,,5170,1,,,2,30,,5171,1,,,2,70,,5172,1,,,2,30,,5173,1,,,2,70,,5174,1,,,2,30,,5175,1,,,2,70,,5176,1,,,2,30,,5156,1,,,2,70,,5157,1,,,2,30,,5158,1,,,2,70,,5159,1,,,2,30,,5160,1,,,2,70,,5161,1,,,2,30,,5162,1,,,2,70,,5163,1,,,2,30,,5164,1,,,2,70,,5165,1,,,2,30,,5167,1,,,2,70,,5168,1,,,2,30,,5169,1,,,2
7000115019,'dim',0,,5177,1,,,2,848,,5178,1,,,2,70,,5179,1,,,2,30,,5189,1,,,2,70,,5190,1,,,2,30,,5191,1,,,2,70,,5192,1,,,2,30,,5193,1,,,2,70,,5194,1,,,2,30,,5195,1,,,2,70,,5196,1,,,2,30,,5180,1,,,2,70,,5181,1,,,2,30,,5182,1,,,2,70,,5183,1,,,2,30,,5184,1,,,2,70,,5185,1,,,2,30,,5186,1,,,2,70,,5187,1,,,2,30,,5188,1,,,2
7000115019,'lun-ven',0,,5197,1,,,2,648,,5198,1,,,2,70,,5199,1,,,2,30,,5210,1,,,2,70,,5221,1,,,2,30,,5225,1,,,2,70,,5226,1,,,2,30,,5227,1,,,2,70,,5228,1,,,2,30,,5229,1,,,2,70,,5230,1,,,2,30,,5200,1,,,2,70,,5201,1,,,2,30,,5202,1,,,2,70,,5203,1,,,2,30,,5204,1,,,2,70,,5205,1,,,2,30,,5206,1,,,2,70,,5207,1,,,2,30,,5208,1,,,2,70,,5209,1,,,2,30,,5211,1,,,2,70,,5212,1,,,2,30,,5213,1,,,2,70,,5214,1,,,2,30,,5215,1,,,2,70,,5216,1,,,2,30,,5217,1,,,2,70,,5218,1,,,2,30,,5219,1,,,2,70,,5220,1,,,2,30,,5222,1,,,2,70,,5223,1,,,2,30,,5224,1,,,2
7000115019,'sam',0,,5231,1,,,2,748,,5232,1,,,2,70,,5233,1,,,2,30,,5244,1,,,2,70,,5246,1,,,2,30,,5247,1,,,2,70,,5248,1,,,2,30,,5249,1,,,2,70,,5250,1,,,2,30,,5251,1,,,2,70,,5252,1,,,2,30,,5234,1,,,2,70,,5235,1,,,2,30,,5236,1,,,2,70,,5237,1,,,2,30,,5238,1,,,2,70,,5239,1,,,2,30,,5240,1,,,2,70,,5241,1,,,2,30,,5242,1,,,2,70,,5243,1,,,2,30,,5245,1,,,2
