2019,'LN',9,,122,6,,,2,900,,123,6,,,2,30,,124,6,,,2,70,,135,6,,,2,30,,145,6,,,2,70,,146,6,,,2,30,,147,6,,,2,70,,148,6,,,2,30,,149,6,,,2,70,,150,6,,,2,30,,151,6,,,2,70,,125,6,,,2,30,,126,6,,,2,70,,127,6,,,2,30,,128,6,,,2,70,,129,6,,,2,30,,130,6,,,2,70,,131,6,,,2,30,,132,6,,,2,70,,133,6,,,2,30,,134,6,,,2,70,,136,6,,,2,30,,137,6,,,2,70,,138,6,,,2,30,,139,6,,,2,70,,140,6,,,2,30,,141,6,,,2,70,,142,6,,,2,30,,143,6,,,2,70,,144,6,,,2
2019,'VNJA',9,,152,6,,,2,700,,153,6,,,2,30,,154,6,,,2,70,,165,6,,,2,30,,169,6,,,2,70,,170,6,,,2,30,,171,6,,,2,70,,172,6,,,2,30,,173,6,,,2,70,,174,6,,,2,30,,175,6,,,2,70,,155,6,,,2,30,,156,6,,,2,70,,157,6,,,2,30,,158,6,,,2,70,,159,6,,,2,30,,160,6,,,2,70,,161,6,,,2,30,,162,6,,,2,70,,163,6,,,2,30,,164,6,,,2,70,,166,6,,,2,30,,167,6,,,2,70,,168,6,,,2
2019,'dim',9,,176,6,,,2,900,,177,6,,,2,100,,178,6,,,2,100,,179,6,,,2,100,,180,6,,,2,100,,181,6,,,2,100,,182,6,,,2,100,,183,6,,,2,100,,184,6,,,2,100,,185,6,,,2,100,,186,6,,,2
2019,'lun-ven',9,,187,6,,,2,700,,188,6,,,2,30,,189,6,,,2,70,,200,6,,,2,30,,211,6,,,2,70,,215,6,,,2,30,,216,6,,,2,70,,217,6,,,2,30,,218,6,,,2,70,,219,6,,,2,30,,220,6,,,2,70,,190,6,,,2,30,,191,6,,,2,70,,192,6,,,2,30,,193,6,,,2,70,,194,6,,,2,30,,195,6,,,2,70,,196,6,,,2,30,,197,6,,,2,70,,198,6,,,2,30,,199,6,,,2,70,,201,6,,,2,30,,202,6,,,2,70,,203,6,,,2,30,,204,6,,,2,70,,205,6,,,2,30,,206,6,,,2,70,,207,6,,,2,30,,208,6,,,2,70,,209,6,,,2,30,,210,6,,,2,70,,212,6,,,2,30,,213,6,,,2,70,,214,6,,,2
2019,'sam',9,,221,6,,,2,800,,222,6,,,2,30,,223,6,,,2,70,,234,6,,,2,30,,236,6,,,2,70,,237,6,,,2,30,,238,6,,,2,70,,239,6,,,2,30,,240,6,,,2,70,,241,6,,,2,30,,242,6,,,2,70,,224,6,,,2,30,,225,6,,,2,70,,226,6,,,2,30,,227,6,,,2,70,,228,6,,,2,30,,229,6,,,2,70,,230,6,,,2,30,,231,6,,,2,70,,232,6,,,2,30,,233,6,,,2,70,,235,6,,,2
3019,'LN',12,,243,13,,,2,900,,244,13,,,2,30,,245,13,,,2,70,,256,13,,,2,30,,266,13,,,2,70,,267,13,,,2,30,,268,13,,,2,70,,269,13,,,2,30,,270,13,,,2,70,,271,13,,,2,30,,272,13,,,2,70,,246,13,,,2,30,,247,13,,,2,70,,248,13,,,2,30,,249,13,,,2,70,,250,13,,,2,30,,251,13,,,2,70,,252,13,,,2,30,,253,13,,,2,70,,254,13,,,2,30,,255,13,,,2,70,,257,13,,,2,30,,258,13,,,2,70,,259,13,,,2,30,,260,13,,,2,70,,261,13,,,2,30,,262,13,,,2,70,,263,13,,,2,30,,264,13,,,2,70,,265,13,,,2
3019,'VNJA',12,,273,13,,,2,700,,274,13,,,2,30,,275,13,,,2,70,,286,13,,,2,30,,290,13,,,2,70,,291,13,,,2,30,,292,13,,,2,70,,293,13,,,2,30,,294,13,,,2,70,,295,13,,,2,30,,296,13,,,2,70,,276,13,,,2,30,,277,13,,,2,70,,278,13,,,2,30,,279,13,,,2,70,,280,13,,,2,30,,281,13,,,2,70,,282,13,,,2,30,,283,13,,,2,70,,284,13,,,2,30,,285,13,,,2,70,,287,13,,,2,30,,288,13,,,2,70,,289,13,,,2
3019,'dim',12,,297,13,,,2,930,,298,13,,,2,100,,299,13,,,2,100,,300,13,,,2,100,,301,13,,,2,100,,302,13,,,2,100,,303,13,,,2,100,,304,13,,,2,100,,305,13,,,2,100,,306,13,,,2
3019,'lun-ven',12,,307,13,,,2,700,,308,13,,,2,30,,309,13,,,2,70,,320,13,,,2,30,,331,13,,,2,70,,335,13,,,2,30,,336,13,,,2,70,,337,13,,,2,30,,338,13,,,2,70,,339,13,,,2,30,,340,13,,,2,70,,310,13,,,2,30,,311,13,,,2,70,,312,13,,,2,30,,313,13,,,2,70,,314,13,,,2,30,,315,13,,,2,70,,316,13,,,2,30,,317,13,,,2,70,,318,13,,,2,30,,319,13,,,2,70,,321,13,,,2,30,,322,13,,,2,70,,323,13,,,2,30,,324,13,,,2,70,,325,13,,,2,30,,326,13,,,2,70,,327,13,,,2,30,,328,13,,,2,70,,329,13,,,2,30,,330,13,,,2,70,,332,13,,,2,30,,333,13,,,2,70,,334,13,,,2
3019,'sam',12,,341,13,,,2,800,,342,13,,,2,30,,343,13,,,2,70,,354,13,,,2,30,,356,13,,,2,70,,357,13,,,2,30,,358,13,,,2,70,,359,13,,,2,30,,360,13,,,2,70,,361,13,,,2,30,,362,13,,,2,70,,344,13,,,2,30,,345,13,,,2,70,,346,13,,,2,30,,347,13,,,2,70,,348,13,,,2,30,,349,13,,,2,70,,350,13,,,2,30,,351,13,,,2,70,,352,13,,,2,30,,353,13,,,2,70,,355,13,,,2
140005019,'LN',11,,670,11,,,2,900,,671,11,,,2,30,,672,11,,,2,70,,683,11,,,2,30,,693,11,,,2,70,,694,11,,,2,30,,695,11,,,2,70,,696,11,,,2,30,,697,11,,,2,70,,698,11,,,2,30,,699,11,,,2,70,,673,11,,,2,30,,674,11,,,2,70,,675,11,,,2,30,,676,11,,,2,70,,677,11,,,2,30,,678,11,,,2,70,,679,11,,,2,30,,680,11,,,2,70,,681,11,,,2,30,,682,11,,,2,70,,684,11,,,2,30,,685,11,,,2,70,,686,11,,,2,30,,687,11,,,2,70,,688,11,,,2,30,,689,11,,,2,70,,690,11,,,2,30,,691,11,,,2,70,,692,11,,,2
140005019,'VNJA',11,,700,11,,,2,530,,701,11,,,2,70,,702,11,,,2,30,,713,11,,,2,70,,720,11,,,2,30,,721,11,,,2,70,,722,11,,,2,30,,723,11,,,2,70,,724,11,,,2,30,,725,11,,,2,70,,726,11,,,2,30,,703,11,,,2,70,,704,11,,,2,30,,705,11,,,2,70,,706,11,,,2,30,,707,11,,,2,70,,708,11,,,2,30,,709,11,,,2,70,,710,11,,,2,30,,711,11,,,2,70,,712,11,,,2,30,,714,11,,,2,70,,715,11,,,2,30,,716,11,,,2,70,,717,11,,,2,30,,718,11,,,2,70,,719,11,,,2
140005019,'dim',11,,727,11,,,2,930,,728,11,,,2,100,,729,11,,,2,100,,730,11,,,2,100,,731,11,,,2,100,,732,11,,,2,100,,733,11,,,2,100,,734,11,,,2,100,,735,11,,,2,100,,736,11,,,2
140005019,'lun-ven',11,,737,11,,,2,530,,738,11,,,2,70,,739,11,,,2,30,,750,11,,,2,70,,761,11,,,2,30,,771,11,,,2,70,,772,11,,,2,30,,773,11,,,2,70,,774,11,,,2,30,,775,11,,,2,70,,776,11,,,2,30,,740,11,,,2,70,,741,11,,,2,30,,742,11,,,2,70,,743,11,,,2,30,,744,11,,,2,70,,745,11,,,2,30,,746,11,,,2,70,,747,11,,,2,30,,748,11,,,2,70,,749,11,,,2,30,,751,11,,,2,70,,752,11,,,2,30,,753,11,,,2,70,,754,11,,,2,30,,755,11,,,2,70,,756,11,,,2,30,,757,11,,,2,70,,758,11,,,2,30,,759,11,,,2,70,,760,11,,,2,30,,762,11,,,2,70,,763,11,,,2,30,,764,11,,,2,70,,765,11,,,2,30,,766,11,,,2,70,,767,11,,,2,30,,768,11,,,2,70,,769,11,,,2,30,,770,11,,,2
140005019,'sam',11,,777,11,,,2,800,,778,11,,,2,30,,779,11,,,2,70,,790,11,,,2,30,,792,11,,,2,70,,793,11,,,2,30,,794,11,,,2,70,,795,11,,,2,30,,796,11,,,2,70,,797,11,,,2,30,,798,11,,,2,70,,780,11,,,2,30,,781,11,,,2,70,,782,11,,,2,30,,783,11,,,2,70,,784,11,,,2,30,,785,11,,,2,70,,786,11,,,2,30,,787,11,,,2,70,,788,11,,,2,30,,789,11,,,2,70,,791,11,,,2
7000100019,'LN',0,,4004,1,,,2,913,,4005,1,,,2,30,,4006,1,,,2,70,,4017,1,,,2,30,,4026,1,,,2,70,,4027,1,,,2,30,,4028,1,,,2,70,,4029,1,,,2,30,,4030,1,,,2,70,,4031,1,,,2,30,,4032,1,,,2,70,,4007,1,,,2,30,,4008,1,,,2,70,,4009,1,,,2,30,,4010,1,,,2,70,,4011,1,,,2,30,,4012,1,,,2,70,,4013,1,,,2,30,,4014,1,,,2,70,,4015,1,,,2,30,,4016,1,,,2,70,,4018,1,,,2,30,,4019,1,,,2,70,,4020,1,,,2,30,,4021,1,,,2,70,,4022,1,,,2,30,,4023,1,,,2,70,,4024,1,,,2,30,,4025,1,,,2
7000100019,'VNJA',0,,4240,1,,,2,713,,4241,1,,,2,30,,4242,1,,,2,70,,4253,1,,,2,30,,4256,1,,,2,70,,4257,1,,,2,30,,4258,1,,,2,70,,4259,1,,,2,30,,4260,1,,,2,70,,4261,1,,,2,30,,4262,1,,,2,70,,4243,1,,,2,30,,4244,1,,,2,70,,4245,1,,,2,30,,4246,1,,,2,70,,4247,1,,,2,30,,4248,1,,,2,70,,4249,1,,,2,30,,4250,1,,,2,70,,4251,1,,,2,30,,4252,1,,,2,70,,4254,1,,,2,30,,4255,1,,,2
7000100019,'dim',0,,4434,1,,,2,913,,4435,1,,,2,30,,4436,1,,,2,70,,4445,1,,,2,30,,4446,1,,,2,70,,4447,1,,,2,30,,4448,1,,,2,70,,4449,1,,,2,30,,4450,1,,,2,70,,4451,1,,,2,30,,4452,1,,,2,70,,4437,1,,,2,30,,4438,1,,,2,70,,4439,1,,,2,30,,4440,1,,,2,70,,4441,1,,,2,30,,4442,1,,,2,70,,4443,1,,,2,30,,4444,1,,,2
7000100019,'lun-ven',0,,4750,1,,,2,713,,4751,1,,,2,30,,4752,1,,,2,70,,4763,1,,,2,30,,4774,1,,,2,70,,4777,1,,,2,30,,4778,1,,,2,70,,4779,1,,,2,30,,4780,1,,,2,70,,4781,1,,,2,30,,4782,1,,,2,70,,4753,1,,,2,30,,4754,1,,,2,70,,4755,1,,,2,30,,4756,1,,,2,70,,4757,1,,,2,30,,4758,1,,,2,70,,4759,1,,,2,30,,4760,1,,,2,70,,4761,1,,,2,30,,4762,1,,,2,70,,4764,1,,,2,30,,4765,1,,,2,70,,4766,1,,,2,30,,4767,1,,,2,70,,4768,1,,,2,30,,4769,1,,,2,70,,4770,1,,,2,30,,4771,1,,,2,70,,4772,1,,,2,30,,4773,1,,,2,70,,4775,1,,,2,30,,4776,1,,,2
7000100019,'sam',0,,4972,1,,,2,813,,4973,1,,,2,30,,4974,1,,,2,70,,4985,1,,,2,30,,4986,1,,,2,70,,4987,1,,,2,30,,4988,1,,,2,70,,4989,1,,,2,30,,4990,1,,,2,70,,4991,1,,,2,30,,4992,1,,,2,70,,4975,1,,,2,30,,4976,1,,,2,70,,4977,1,,,2,30,,4978,1,,,2,70,,4979,1,,,2,30,,4980,1,,,2,70,,4981,1,,,2,30,,4982,1,,,2,70,,4983,1,,,2,30,,4984,1,,,2
7000110019,'LN',15,,4993,2,4,,2,887,,4994,2,4,,2,30,,4995,2,4,,2,70,,5006,2,4,,2,30,,5016,2,4,,2,70,,5017,2,4,,2,30,,5018,2,4,,2,70,,5019,2,4,,2,30,,5020,2,4,,2,70,,5021,2,4,,2,30,,5022,2,4,,2,70,,4996,2,4,,2,30,,4997,2,4,,2,70,,4998,2,4,,2,30,,4999,2,4,,2,70,,5000,2,4,,2,30,,5001,2,4,,2,70,,5002,2,4,,2,30,,5003,2,4,,2,70,,5004,2,4,,2,30,,5005,2,4,,2,70,,5007,2,4,,2,30,,5008,2,4,,2,70,,5009,2,4,,2,30,,5010,2,4,,2,70,,5011,2,4,,2,30,,5012,2,4,,2,70,,5013,2,4,,2,30,,5014,2,4,,2,70,,5015,2,4,,2
7000110019,'VNJA',15,,5023,2,4,,2,687,,5024,2,4,,2,30,,5025,2,4,,2,70,,5036,2,4,,2,30,,5040,2,4,,2,70,,5041,2,4,,2,30,,5042,2,4,,2,70,,5043,2,4,,2,30,,5044,2,4,,2,70,,5045,2,4,,2,30,,5046,2,4,,2,70,,5026,2,4,,2,30,,5027,2,4,,2,70,,5028,2,4,,2,30,,5029,2,4,,2,70,,5030,2,4,,2,30,,5031,2,4,,2,70,,5032,2,4,,2,30,,5033,2,4,,2,70,,5034,2,4,,2,30,,5035,2,4,,2,70,,5037,2,4,,2,30,,5038,2,4,,2,70,,5039,2,4,,2
7000110019,'dim',15,,5047,2,4,,2,887,,5048,2,4,,2,30,,5049,2,4,,2,70,,5059,2,4,,2,30,,5060,2,4,,2,70,,5061,2,4,,2,30,,5062,2,4,,2,70,,5063,2,4,,2,30,,5064,2,4,,2,70,,5065,2,4,,2,30,,5066,2,4,,2,70,,5050,2,4,,2,30,,5051,2,4,,2,70,,5052,2,4,,2,30,,5053,2,4,,2,70,,5054,2,4,,2,30,,5055,2,4,,2,70,,5056,2,4,,2,30,,5057,2,4,,2,70,,5058,2,4,,2
7000110019,'lun-ven',15,,5067,2,4,,2,687,,5068,2,4,,2,30,,5069,2,4,,2,70,,5080,2,4,,2,30,,5091,2,4,,2,70,,5095,2,4,,2,30,,5096,2,4,,2,70,,5097,2,4,,2,30,,5098,2,4,,2,70,,5099,2,4,,2,30,,5100,2,4,,2,70,,5070,2,4,,2,30,,5071,2,4,,2,70,,5072,2,4,,2,30,,5073,2,4,,2,70,,5074,2,4,,2,30,,5075,2,4,,2,70,,5076,2,4,,2,30,,5077,2,4,,2,70,,5078,2,4,,2,30,,5079,2,4,,2,70,,5081,2,4,,2,30,,5082,2,4,,2,70,,5083,2,4,,2,30,,5084,2,4,,2,70,,5085,2,4,,2,30,,5086,2,4,,2,70,,5087,2,4,,2,30,,5088,2,4,,2,70,,5089,2,4,,2,30,,5090,2,4,,2,70,,5092,2,4,,2,30,,5093,2,4,,2,70,,5094,2,4,,2
7000110019,'sam',15,,5101,2,4,,2,787,,5102,2,4,,2,30,,5103,2,4,,2,70,,5114,2,4,,2,30,,5116,2,4,,2,70,,5117,2,4,,2,30,,5118,2,4,,2,70,,5119,2,4,,2,30,,5120,2,4,,2,70,,5121,2,4,,2,30,,5122,2,4,,2,70,,5104,2,4,,2,30,,5105,2,4,,2,70,,5106,2,4,,2,30,,5107,2,4,,2,70,,5108,2,4,,2,30,,5109,2,4,,2,70,,5110,2,4,,2,30,,5111,2,4,,2,70,,5112,2,4,,2,30,,5113,2,4,,2,70,,5115,2,4,,2
7000115019,'LN',15,,5123,2,4,,2,888,,5124,2,4,,2,30,,5125,2,4,,2,70,,5136,2,4,,2,30,,5146,2,4,,2,70,,5147,2,4,,2,30,,5148,2,4,,2,70,,5149,2,4,,2,30,,5150,2,4,,2,70,,5151,2,4,,2,30,,5152,2,4,,2,70,,5126,2,4,,2,30,,5127,2,4,,2,70,,5128,2,4,,2,30,,5129,2,4,,2,70,,5130,2,4,,2,30,,5131,2,4,,2,70,,5132,2,4,,2,30,,5133,2,4,,2,70,,5134,2,4,,2,30,,5135,2,4,,2,70,,5137,2,4,,2,30,,5138,2,4,,2,70,,5139,2,4,,2,30,,5140,2,4,,2,70,,5141,2,4,,2,30,,5142,2,4,,2,70,,5143,2,4,,2,30,,5144,2,4,,2,70,,5145,2,4,,2
7000115019,'VNJA',15,,5153,2,4,,2,688,,5154,2,4,,2,30,,5155,2,4,,2,70,,5166,2,4,,2,30,,5170,2,4,,2,70,,5171,2,4,,2,30,,5172,2,4,,2,70,,5173,2,4,,2,30,,5174,2,4,,2,70,,5175,2,4,,2,30,,5176,2,4,,2,70,,5156,2,4,,2,30,,5157,2,4,,2,70,,5158,2,4,,2,30,,5159,2,4,,2,70,,5160,2,4,,2,30,,5161,2,4,,2,70,,5162,2,4,,2,30,,5163,2,4,,2,70,,5164,2,4,,2,30,,5165,2,4,,2,70,,5167,2,4,,2,30,,5168,2,4,,2,70,,5169,2,4,,2
7000115019,'dim',15,,5177,2,4,,2,888,,5178,2,4,,2,30,,5179,2,4,,2,70,,5189,2,4,,2,30,,5190,2,4,,2,70,,5191,2,4,,2,30,,5192,2,4,,2,70,,5193,2,4,,2,30,,5194,2,4,,2,70,,5195,2,4,,2,30,,5196,2,4,,2,70,,5180,2,4,,2,30,,5181,2,4,,2,70,,5182,2,4,,2,30,,5183,2,4,,2,70,,5184,2,4,,2,30,,5185,2,4,,2,70,,5186,2,4,,2,30,,5187,2,4,,2,70,,5188,2,4,,2
7000115019,'lun-ven',15,,5197,2,4,,2,688,,5198,2,4,,2,30,,5199,2,4,,2,70,,5210,2,4,,2,30,,5221,2,4,,2,70,,5225,2,4,,2,30,,5226,2,4,,2,70,,5227,2,4,,2,30,,5228,2,4,,2,70,,5229,2,4,,2,30,,5230,2,4,,2,70,,5200,2,4,,2,30,,5201,2,4,,2,70,,5202,2,4,,2,30,,5203,2,4,,2,70,,5204,2,4,,2,30,,5205,2,4,,2,70,,5206,2,4,,2,30,,5207,2,4,,2,70,,5208,2,4,,2,30,,5209,2,4,,2,70,,5211,2,4,,2,30,,5212,2,4,,2,70,,5213,2,4,,2,30,,5214,2,4,,2,70,,5215,2,4,,2,30,,5216,2,4,,2,70,,5217,2,4,,2,30,,5218,2,4,,2,70,,5219,2,4,,2,30,,5220,2,4,,2,70,,5222,2,4,,2,30,,5223,2,4,,2,70,,5224,2,4,,2
7000115019,'sam',15,,5231,2,4,,2,788,,5232,2,4,,2,30,,5233,2,4,,2,70,,5244,2,4,,2,30,,5246,2,4,,2,70,,5247,2,4,,2,30,,5248,2,4,,2,70,,5249,2,4,,2,30,,5250,2,4,,2,70,,5251,2,4,,2,30,,5252,2,4,,2,70,,5234,2,4,,2,30,,5235,2,4,,2,70,,5236,2,4,,2,30,,5237,2,4,,2,70,,5238,2,4,,2,30,,5239,2,4,,2,70,,5240,2,4,,2,30,,5241,2,4,,2,70,,5242,2,4,,2,30,,5243,2,4,,2,70,,5245,2,4,,2
7000120019,'LN',15,,5253,2,4,,2,890,,5254,2,4,,2,30,,5255,2,4,,2,70,,5266,2,4,,2,30,,5276,2,4,,2,70,,5277,2,4,,2,30,,5278,2,4,,2,70,,5279,2,4,,2,30,,5280,2,4,,2,70,,5281,2,4,,2,30,,5282,2,4,,2,70,,5256,2,4,,2,30,,5257,2,4,,2,70,,5258,2,4,,2,30,,5259,2,4,,2,70,,5260,2,4,,2,30,,5261,2,4,,2,70,,5262,2,4,,2,30,,5263,2,4,,2,70,,5264,2,4,,2,30,,5265,2,4,,2,70,,5267,2,4,,2,30,,5268,2,4,,2,70,,5269,2,4,,2,30,,5270,2,4,,2,70,,5271,2,4,,2,30,,5272,2,4,,2,70,,5273,2,4,,2,30,,5274,2,4,,2,70,,5275,2,4,,2
7000120019,'VNJA',15,,5283,2,4,,2,690,,5284,2,4,,2,30,,5285,2,4,,2,70,,5296,2,4,,2,30,,5300,2,4,,2,70,,5301,2,4,,2,30,,5302,2,4,,2,70,,5303,2,4,,2,30,,5304,2,4,,2,70,,5305,2,4,,2,30,,5306,2,4,,2,70,,5286,2,4,,2,30,,5287,2,4,,2,70,,5288,2,4,,2,30,,5289,2,4,,2,70,,5290,2,4,,2,30,,5291,2,4,,2,70,,5292,2,4,,2,30,,5293,2,4,,2,70,,5294,2,4,,2,30,,5295,2,4,,2,70,,5297,2,4,,2,30,,5298,2,4,,2,70,,5299,2,4,,2
7000120019,'dim',15,,5307,2,4,,2,890,,5308,2,4,,2,30,,5309,2,4,,2,70,,5319,2,4,,2,30,,5320,2,4,,2,70,,5321,2,4,,2,30,,5322,2,4,,2,70,,5323,2,4,,2,30,,5324,2,4,,2,70,,5325,2,4,,2,30,,5326,2,4,,2,70,,5310,2,4,,2,30,,5311,2,4,,2,70,,5312,2,4,,2,30,,5313,2,4,,2,70,,5314,2,4,,2,30,,5315,2,4,,2,70,,5316,2,4,,2,30,,5317,2,4,,2,70,,5318,2,4,,2
7000120019,'lun-ven',15,,5327,2,4,,2,690,,5328,2,4,,2,30,,5329,2,4,,2,70,,5340,2,4,,2,30,,5351,2,4,,2,70,,5355,2,4,,2,30,,5356,2,4,,2,70,,5357,2,4,,2,30,,5358,2,4,,2,70,,5359,2,4,,2,30,,5360,2,4,,2,70,,5330,2,4,,2,30,,5331,2,4,,2,70,,5332,2,4,,2,30,,5333,2,4,,2,70,,5334,2,4,,2,30,,5335,2,4,,2,70,,5336,2,4,,2,30,,5337,2,4,,2,70,,5338,2,4,,2,30,,5339,2,4,,2,70,,5341,2,4,,2,30,,5342,2,4,,2,70,,5343,2,4,,2,30,,5344,2,4,,2,70,,5345,2,4,,2,30,,5346,2,4,,2,70,,5347,2,4,,2,30,,5348,2,4,,2,70,,5349,2,4,,2,30,,5350,2,4,,2,70,,5352,2,4,,2,30,,5353,2,4,,2,70,,5354,2,4,,2
7000120019,'sam',15,,5361,2,4,,2,790,,5362,2,4,,2,30,,5363,2,4,,2,70,,5374,2,4,,2,30,,5376,2,4,,2,70,,5377,2,4,,2,30,,5378,2,4,,2,70,,5379,2,4,,2,30,,5380,2,4,,2,70,,5381,2,4,,2,30,,5382,2,4,,2,70,,5364,2,4,,2,30,,5365,2,4,,2,70,,5366,2,4,,2,30,,5367,2,4,,2,70,,5368,2,4,,2,30,,5369,2,4,,2,70,,5370,2,4,,2,30,,5371,2,4,,2,70,,5372,2,4,,2,30,,5373,2,4,,2,70,,5375,2,4,,2
7000125019,'LN',15,,5383,2,4,,2,886,,5384,2,4,,2,30,,5385,2,4,,2,70,,5396,2,4,,2,30,,5406,2,4,,2,70,,5407,2,4,,2,30,,5408,2,4,,2,70,,5409,2,4,,2,30,,5410,2,4,,2,70,,5411,2,4,,2,30,,5412,2,4,,2,70,,5386,2,4,,2,30,,5387,2,4,,2,70,,5388,2,4,,2,30,,5389,2,4,,2,70,,5390,2,4,,2,30,,5391,2,4,,2,70,,5392,2,4,,2,30,,5393,2,4,,2,70,,5394,2,4,,2,30,,5395,2,4,,2,70,,5397,2,4,,2,30,,5398,2,4,,2,70,,5399,2,4,,2,30,,5400,2,4,,2,70,,5401,2,4,,2,30,,5402,2,4,,2,70,,5403,2,4,,2,30,,5404,2,4,,2,70,,5405,2,4,,2
7000125019,'VNJA',15,,5413,2,4,,2,686,,5414,2,4,,2,30,,5415,2,4,,2,70,,5426,2,4,,2,30,,5430,2,4,,2,70,,5431,2,4,,2,30,,5432,2,4,,2,70,,5433,2,4,,2,30,,5434,2,4,,2,70,,5435,2,4,,2,30,,5436,2,4,,2,70,,5416,2,4,,2,30,,5417,2,4,,2,70,,5418,2,4,,2,30,,5419,2,4,,2,70,,5420,2,4,,2,30,,5421,2,4,,2,70,,5422,2,4,,2,30,,5423,2,4,,2,70,,5424,2,4,,2,30,,5425,2,4,,2,70,,5427,2,4,,2,30,,5428,2,4,,2,70,,5429,2,4,,2
7000125019,'dim',15,,5437,2,4,,2,886,,5438,2,4,,2,30,,5439,2,4,,2,70,,5449,2,4,,2,30,,5450,2,4,,2,70,,5451,2,4,,2,30,,5452,2,4,,2,70,,5453,2,4,,2,30,,5454,2,4,,2,70,,5455,2,4,,2,30,,5456,2,4,,2,70,,5440,2,4,,2,30,,5441,2,4,,2,70,,5442,2,4,,2,30,,5443,2,4,,2,70,,5444,2,4,,2,30,,5445,2,4,,2,70,,5446,2,4,,2,30,,5447,2,4,,2,70,,5448,2,4,,2
7000125019,'lun-ven',15,,5457,2,4,,2,686,,5458,2,4,,2,30,,5459,2,4,,2,70,,5470,2,4,,2,30,,5481,2,4,,2,70,,5485,2,4,,2,30,,5486,2,4,,2,70,,5487,2,4,,2,30,,5488,2,4,,2,70,,5489,2,4,,2,30,,5490,2,4,,2,70,,5460,2,4,,2,30,,5461,2,4,,2,70,,5462,2,4,,2,30,,5463,2,4,,2,70,,5464,2,4,,2,30,,5465,2,4,,2,70,,5466,2,4,,2,30,,5467,2,4,,2,70,,5468,2,4,,2,30,,5469,2,4,,2,70,,5471,2,4,,2,30,,5472,2,4,,2,70,,5473,2,4,,2,30,,5474,2,4,,2,70,,5475,2,4,,2,30,,5476,2,4,,2,70,,5477,2,4,,2,30,,5478,2,4,,2,70,,5479,2,4,,2,30,,5480,2,4,,2,70,,5482,2,4,,2,30,,5483,2,4,,2,70,,5484,2,4,,2
7000125019,'sam',15,,5491,2,4,,2,786,,5492,2,4,,2,30,,5493,2,4,,2,70,,5504,2,4,,2,30,,5506,2,4,,2,70,,5507,2,4,,2,30,,5508,2,4,,2,70,,5509,2,4,,2,30,,5510,2,4,,2,70,,5511,2,4,,2,30,,5512,2,4,,2,70,,5494,2,4,,2,30,,5495,2,4,,2,70,,5496,2,4,,2,30,,5497,2,4,,2,70,,5498,2,4,,2,30,,5499,2,4,,2,70,,5500,2,4,,2,30,,5501,2,4,,2,70,,5502,2,4,,2,30,,5503,2,4,,2,70,,5505,2,4,,2
7000130019,'LN',15,,5513,2,4,,2,844,,5514,2,4,,2,70,,5515,2,4,,2,30,,5526,2,4,,2,70,,5536,2,4,,2,30,,5537,2,4,,2,70,,5538,2,4,,2,30,,5539,2,4,,2,70,,5540,2,4,,2,30,,5541,2,4,,2,70,,5542,2,4,,2,30,,5516,2,4,,2,70,,5517,2,4,,2,30,,5518,2,4,,2,70,,5519,2,4,,2,30,,5520,2,4,,2,70,,5521,2,4,,2,30,,5522,2,4,,2,70,,5523,2,4,,2,30,,5524,2,4,,2,70,,5525,2,4,,2,30,,5527,2,4,,2,70,,5528,2,4,,2,30,,5529,2,4,,2,70,,5530,2,4,,2,30,,5531,2,4,,2,70,,5532,2,4,,2,30,,5533,2,4,,2,70,,5534,2,4,,2,30,,5535,2,4,,2
7000130019,'VNJA',15,,5543,2,4,,2,644,,5544,2,4,,2,70,,5545,2,4,,2,30,,5556,2,4,,2,70,,5560,2,4,,2,30,,5561,2,4,,2,70,,5562,2,4,,2,30,,5563,2,4,,2,70,,5564,2,4,,2,30,,5565,2,4,,2,70,,5566,2,4,,2,30,,5546,2,4,,2,70,,5547,2,4,,2,30,,5548,2,4,,2,70,,5549,2,4,,2,30,,5550,2,4,,2,70,,5551,2,4,,2,30,,5552,2,4,,2,70,,5553,2,4,,2,30,,5554,2,4,,2,70,,5555,2,4,,2,30,,5557,2,4,,2,70,,5558,2,4,,2,30,,5559,2,4,,2
7000130019,'dim',15,,5567,2,4,,2,844,,5568,2,4,,2,70,,5569,2,4,,2,30,,5579,2,4,,2,70,,5580,2,4,,2,30,,5581,2,4,,2,70,,5582,2,4,,2,30,,5583,2,4,,2,70,,5584,2,4,,2,30,,5585,2,4,,2,70,,5586,2,4,,2,30,,5570,2,4,,2,70,,5571,2,4,,2,30,,5572,2,4,,2,70,,5573,2,4,,2,30,,5574,2,4,,2,70,,5575,2,4,,2,30,,5576,2,4,,2,70,,5577,2,4,,2,30,,5578,2,4,,2
7000130019,'lun-ven',15,,5587,2,4,,2,644,,5588,2,4,,2,70,,5589,2,4,,2,30,,5600,2,4,,2,70,,5611,2,4,,2,30,,5615,2,4,,2,70,,5616,2,4,,2,30,,5617,2,4,,2,70,,5618,2,4,,2,30,,5619,2,4,,2,70,,5620,2,4,,2,30,,5590,2,4,,2,70,,5591,2,4,,2,30,,5592,2,4,,2,70,,5593,2,4,,2,30,,5594,2,4,,2,70,,5595,2,4,,2,30,,5596,2,4,,2,70,,5597,2,4,,2,30,,5598,2,4,,2,70,,5599,2,4,,2,30,,5601,2,4,,2,70,,5602,2,4,,2,30,,5603,2,4,,2,70,,5604,2,4,,2,30,,5605,2,4,,2,70,,5606,2,4,,2,30,,5607,2,4,,2,70,,5608,2,4,,2,30,,5609,2,4,,2,70,,5610,2,4,,2,30,,5612,2,4,,2,70,,5613,2,4,,2,30,,5614,2,4,,2
7000130019,'sam',15,,5621,2,4,,2,744,,5622,2,4,,2,70,,5623,2,4,,2,30,,5634,2,4,,2,70,,5636,2,4,,2,30,,5637,2,4,,2,70,,5638,2,4,,2,30,,5639,2,4,,2,70,,5640,2,4,,2,30,,5641,2,4,,2,70,,5642,2,4,,2,30,,5624,2,4,,2,70,,5625,2,4,,2,30,,5626,2,4,,2,70,,5627,2,4,,2,30,,5628,2,4,,2,70,,5629,2,4,,2,30,,5630,2,4,,2,70,,5631,2,4,,2,30,,5632,2,4,,2,70,,5633,2,4,,2,30,,5635,2,4,,2
7000140019,'LN',13,,5643,2,4,,2,894,,5644,2,4,,2,30,,5645,2,4,,2,70,,5656,2,4,,2,30,,5666,2,4,,2,70,,5667,2,4,,2,30,,5668,2,4,,2,70,,5669,2,4,,2,30,,5670,2,4,,2,70,,5671,2,4,,2,30,,5672,2,4,,2,70,,5646,2,4,,2,30,,5647,2,4,,2,70,,5648,2,4,,2,30,,5649,2,4,,2,70,,5650,2,4,,2,30,,5651,2,4,,2,70,,5652,2,4,,2,30,,5653,2,4,,2,70,,5654,2,4,,2,30,,5655,2,4,,2,70,,5657,2,4,,2,30,,5658,2,4,,2,70,,5659,2,4,,2,30,,5660,2,4,,2,70,,5661,2,4,,2,30,,5662,2,4,,2,70,,5663,2,4,,2,30,,5664,2,4,,2,70,,5665,2,4,,2
7000140019,'VNJA',13,,5673,2,4,,2,694,,5674,2,4,,2,30,,5675,2,4,,2,70,,5686,2,4,,2,30,,5690,2,4,,2,70,,5691,2,4,,2,30,,5692,2,4,,2,70,,5693,2,4,,2,30,,5694,2,4,,2,70,,5695,2,4,,2,30,,5696,2,4,,2,70,,5676,2,4,,2,30,,5677,2,4,,2,70,,5678,2,4,,2,30,,5679,2,4,,2,70,,5680,2,4,,2,30,,5681,2,4,,2,70,,5682,2,4,,2,30,,5683,2,4,,2,70,,5684,2,4,,2,30,,5685,2,4,,2,70,,5687,2,4,,2,30,,5688,2,4,,2,70,,5689,2,4,,2
7000140019,'dim',13,,5697,2,4,,2,894,,5698,2,4,,2,30,,5699,2,4,,2,70,,5709,2,4,,2,30,,5710,2,4,,2,70,,5711,2,4,,2,30,,5712,2,4,,2,70,,5713,2,4,,2,30,,5714,2,4,,2,70,,5715,2,4,,2,30,,5716,2,4,,2,70,,5700,2,4,,2,30,,5701,2,4,,2,70,,5702,2,4,,2,30,,5703,2,4,,2,70,,5704,2,4,,2,30,,5705,2,4,,2,70,,5706,2,4,,2,30,,5707,2,4,,2,70,,5708,2,4,,2
7000140019,'lun-ven',13,,5717,2,4,,2,694,,5718,2,4,,2,30,,5719,2,4,,2,70,,5730,2,4,,2,30,,5741,2,4,,2,70,,5745,2,4,,2,30,,5746,2,4,,2,70,,5747,2,4,,2,30,,5748,2,4,,2,70,,5749,2,4,,2,30,,5750,2,4,,2,70,,5720,2,4,,2,30,,5721,2,4,,2,70,,5722,2,4,,2,30,,5723,2,4,,2,70,,5724,2,4,,2,30,,5725,2,4,,2,70,,5726,2,4,,2,30,,5727,2,4,,2,70,,5728,2,4,,2,30,,5729,2,4,,2,70,,5731,2,4,,2,30,,5732,2,4,,2,70,,5733,2,4,,2,30,,5734,2,4,,2,70,,5735,2,4,,2,30,,5736,2,4,,2,70,,5737,2,4,,2,30,,5738,2,4,,2,70,,5739,2,4,,2,30,,5740,2,4,,2,70,,5742,2,4,,2,30,,5743,2,4,,2,70,,5744,2,4,,2
7000140019,'sam',13,,5751,2,4,,2,794,,5752,2,4,,2,30,,5753,2,4,,2,70,,5764,2,4,,2,30,,5766,2,4,,2,70,,5767,2,4,,2,30,,5768,2,4,,2,70,,5769,2,4,,2,30,,5770,2,4,,2,70,,5771,2,4,,2,30,,5772,2,4,,2,70,,5754,2,4,,2,30,,5755,2,4,,2,70,,5756,2,4,,2,30,,5757,2,4,,2,70,,5758,2,4,,2,30,,5759,2,4,,2,70,,5760,2,4,,2,30,,5761,2,4,,2,70,,5762,2,4,,2,30,,5763,2,4,,2,70,,5765,2,4,,2
7000145019,'LN',14,,5773,2,4,,2,893,,5774,2,4,,2,30,,5775,2,4,,2,70,,5786,2,4,,2,30,,5796,2,4,,2,70,,5797,2,4,,2,30,,5798,2,4,,2,70,,5799,2,4,,2,30,,5800,2,4,,2,70,,5801,2,4,,2,30,,5802,2,4,,2,70,,5776,2,4,,2,30,,5777,2,4,,2,70,,5778,2,4,,2,30,,5779,2,4,,2,70,,5780,2,4,,2,30,,5781,2,4,,2,70,,5782,2,4,,2,30,,5783,2,4,,2,70,,5784,2,4,,2,30,,5785,2,4,,2,70,,5787,2,4,,2,30,,5788,2,4,,2,70,,5789,2,4,,2,30,,5790,2,4,,2,70,,5791,2,4,,2,30,,5792,2,4,,2,70,,5793,2,4,,2,30,,5794,2,4,,2,70,,5795,2,4,,2
7000145019,'VNJA',14,,5803,2,4,,2,693,,5804,2,4,,2,30,,5805,2,4,,2,70,,5816,2,4,,2,30,,5820,2,4,,2,70,,5821,2,4,,2,30,,5822,2,4,,2,70,,5823,2,4,,2,30,,5824,2,4,,2,70,,5825,2,4,,2,30,,5826,2,4,,2,70,,5806,2,4,,2,30,,5807,2,4,,2,70,,5808,2,4,,2,30,,5809,2,4,,2,70,,5810,2,4,,2,30,,5811,2,4,,2,70,,5812,2,4,,2,30,,5813,2,4,,2,70,,5814,2,4,,2,30,,5815,2,4,,2,70,,5817,2,4,,2,30,,5818,2,4,,2,70,,5819,2,4,,2
7000145019,'dim',14,,5827,2,4,,2,893,,5828,2,4,,2,30,,5829,2,4,,2,70,,5839,2,4,,2,30,,5840,2,4,,2,70,,5841,2,4,,2,30,,5842,2,4,,2,70,,5843,2,4,,2,30,,5844,2,4,,2,70,,5845,2,4,,2,30,,5846,2,4,,2,70,,5830,2,4,,2,30,,5831,2,4,,2,70,,5832,2,4,,2,30,,5833,2,4,,2,70,,5834,2,4,,2,30,,5835,2,4,,2,70,,5836,2,4,,2,30,,5837,2,4,,2,70,,5838,2,4,,2
7000145019,'lun-ven',14,,5847,2,4,,2,693,,5848,2,4,,2,30,,5849,2,4,,2,70,,5860,2,4,,2,30,,5871,2,4,,2,70,,5875,2,4,,2,30,,5876,2,4,,2,70,,5877,2,4,,2,30,,5878,2,4,,2,70,,5879,2,4,,2,30,,5880,2,4,,2,70,,5850,2,4,,2,30,,5851,2,4,,2,70,,5852,2,4,,2,30,,5853,2,4,,2,70,,5854,2,4,,2,30,,5855,2,4,,2,70,,5856,2,4,,2,30,,5857,2,4,,2,70,,5858,2,4,,2,30,,5859,2,4,,2,70,,5861,2,4,,2,30,,5862,2,4,,2,70,,5863,2,4,,2,30,,5864,2,4,,2,70,,5865,2,4,,2,30,,5866,2,4,,2,70,,5867,2,4,,2,30,,5868,2,4,,2,70,,5869,2,4,,2,30,,5870,2,4,,2,70,,5872,2,4,,2,30,,5873,2,4,,2,70,,5874,2,4,,2
7000145019,'sam',14,,5881,2,4,,2,793,,5882,2,4,,2,30,,5883,2,4,,2,70,,5894,2,4,,2,30,,5896,2,4,,2,70,,5897,2,4,,2,30,,5898,2,4,,2,70,,5899,2,4,,2,30,,5900,2,4,,2,70,,5901,2,4,,2,30,,5902,2,4,,2,70,,5884,2,4,,2,30,,5885,2,4,,2,70,,5886,2,4,,2,30,,5887,2,4,,2,70,,5888,2,4,,2,30,,5889,2,4,,2,70,,5890,2,4,,2,30,,5891,2,4,,2,70,,5892,2,4,,2,30,,5893,2,4,,2,70,,5895,2,4,,2
7000150019,'LN',7,,5903,2,4,,2,900,,5904,2,4,,2,30,,5905,2,4,,2,70,,5916,2,4,,2,30,,5926,2,4,,2,70,,5927,2,4,,2,30,,5928,2,4,,2,70,,5929,2,4,,2,30,,5930,2,4,,2,70,,5931,2,4,,2,30,,5932,2,4,,2,70,,5906,2,4,,2,30,,5907,2,4,,2,70,,5908,2,4,,2,30,,5909,2,4,,2,70,,5910,2,4,,2,30,,5911,2,4,,2,70,,5912,2,4,,2,30,,5913,2,4,,2,70,,5914,2,4,,2,30,,5915,2,4,,2,70,,5917,2,4,,2,30,,5918,2,4,,2,70,,5919,2,4,,2,30,,5920,2,4,,2,70,,5921,2,4,,2,30,,5922,2,4,,2,70,,5923,2,4,,2,30,,5924,2,4,,2,70,,5925,2,4,,2
7000150019,'VNJA',7,,5933,2,4,,2,700,,5934,2,4,,2,30,,5935,2,4,,2,70,,5946,2,4,,2,30,,5950,2,4,,2,70,,5951,2,4,,2,30,,5952,2,4,,2,70,,5953,2,4,,2,30,,5954,2,4,,2,70,,5955,2,4,,2,30,,5956,2,4,,2,70,,5936,2,4,,2,30,,5937,2,4,,2,70,,5938,2,4,,2,30,,5939,2,4,,2,70,,5940,2,4,,2,30,,5941,2,4,,2,70,,5942,2,4,,2,30,,5943,2,4,,2,70,,5944,2,4,,2,30,,5945,2,4,,2,70,,5947,2,4,,2,30,,5948,2,4,,2,70,,5949,2,4,,2
7000150019,'dim',7,,5957,2,4,,2,900,,5958,2,4,,2,30,,5959,2,4,,2,70,,5969,2,4,,2,30,,5970,2,4,,2,70,,5971,2,4,,2,30,,5972,2,4,,2,70,,5973,2,4,,2,30,,5974,2,4,,2,70,,5975,2,4,,2,30,,5976,2,4,,2,70,,5960,2,4,,2,30,,5961,2,4,,2,70,,5962,2,4,,2,30,,5963,2,4,,2,70,,5964,2,4,,2,30,,5965,2,4,,2,70,,5966,2,4,,2,30,,5967,2,4,,2,70,,5968,2,4,,2
7000150019,'lun-ven',7,,5977,2,4,,2,700,,5978,2,4,,2,30,,5979,2,4,,2,70,,5990,2,4,,2,30,,6001,2,4,,2,70,,6005,2,4,,2,30,,6006,2,4,,2,70,,6007,2,4,,2,30,,6008,2,4,,2,70,,6009,2,4,,2,30,,6010,2,4,,2,70,,5980,2,4,,2,30,,5981,2,4,,2,70,,5982,2,4,,2,30,,5983,2,4,,2,70,,5984,2,4,,2,30,,5985,2,4,,2,70,,5986,2,4,,2,30,,5987,2,4,,2,70,,5988,2,4,,2,30,,5989,2,4,,2,70,,5991,2,4,,2,30,,5992,2,4,,2,70,,5993,2,4,,2,30,,5994,2,4,,2,70,,5995,2,4,,2,30,,5996,2,4,,2,70,,5997,2,4,,2,30,,5998,2,4,,2,70,,5999,2,4,,2,30,,6000,2,4,,2,70,,6002,2,4,,2,30,,6003,2,4,,2,70,,6004,2,4,,2
7000150019,'sam',7,,6011,2,4,,2,800,,6012,2,4,,2,30,,6013,2,4,,2,70,,6024,2,4,,2,30,,6026,2,4,,2,70,,6027,2,4,,2,30,,6028,2,4,,2,70,,6029,2,4,,2,30,,6030,2,4,,2,70,,6031,2,4,,2,30,,6032,2,4,,2,70,,6014,2,4,,2,30,,6015,2,4,,2,70,,6016,2,4,,2,30,,6017,2,4,,2,70,,6018,2,4,,2,30,,6019,2,4,,2,70,,6020,2,4,,2,30,,6021,2,4,,2,70,,6022,2,4,,2,30,,6023,2,4,,2,70,,6025,2,4,,2
7000155019,'LN',11,,6033,2,4,,2,896,,6034,2,4,,2,30,,6035,2,4,,2,70,,6046,2,4,,2,30,,6056,2,4,,2,70,,6057,2,4,,2,30,,6058,2,4,,2,70,,6059,2,4,,2,30,,6060,2,4,,2,70,,6061,2,4,,2,30,,6062,2,4,,2,70,,6036,2,4,,2,30,,6037,2,4,,2,70,,6038,2,4,,2,30,,6039,2,4,,2,70,,6040,2,4,,2,30,,6041,2,4,,2,70,,6042,2,4,,2,30,,6043,2,4,,2,70,,6044,2,4,,2,30,,6045,2,4,,2,70,,6047,2,4,,2,30,,6048,2,4,,2,70,,6049,2,4,,2,30,,6050,2,4,,2,70,,6051,2,4,,2,30,,6052,2,4,,2,70,,6053,2,4,,2,30,,6054,2,4,,2,70,,6055,2,4,,2
7000155019,'VNJA',11,,6063,2,4,,2,696,,6064,2,4,,2,30,,6065,2,4,,2,70,,6076,2,4,,2,30,,6080,2,4,,2,70,,6081,2,4,,2,30,,6082,2,4,,2,70,,6083,2,4,,2,30,,6084,2,4,,2,70,,6085,2,4,,2,30,,6086,2,4,,2,70,,6066,2,4,,2,30,,6067,2,4,,2,70,,6068,2,4,,2,30,,6069,2,4,,2,70,,6070,2,4,,2,30,,6071,2,4,,2,70,,6072,2,4,,2,30,,6073,2,4,,2,70,,6074,2,4,,2,30,,6075,2,4,,2,70,,6077,2,4,,2,30,,6078,2,4,,2,70,,6079,2,4,,2
7000155019,'dim',11,,6087,2,4,,2,896,,6088,2,4,,2,30,,6089,2,4,,2,70,,6099,2,4,,2,30,,6100,2,4,,2,70,,6101,2,4,,2,30,,6102,2,4,,2,70,,6103,2,4,,2,30,,6104,2,4,,2,70,,6105,2,4,,2,30,,6106,2,4,,2,70,,6090,2,4,,2,30,,6091,2,4,,2,70,,6092,2,4,,2,30,,6093,2,4,,2,70,,6094,2,4,,2,30,,6095,2,4,,2,70,,6096,2,4,,2,30,,6097,2,4,,2,70,,6098,2,4,,2
7000155019,'lun-ven',11,,6107,2,4,,2,696,,6108,2,4,,2,30,,6109,2,4,,2,70,,6120,2,4,,2,30,,6131,2,4,,2,70,,6135,2,4,,2,30,,6136,2,4,,2,70,,6137,2,4,,2,30,,6138,2,4,,2,70,,6139,2,4,,2,30,,6140,2,4,,2,70,,6110,2,4,,2,30,,6111,2,4,,2,70,,6112,2,4,,2,30,,6113,2,4,,2,70,,6114,2,4,,2,30,,6115,2,4,,2,70,,6116,2,4,,2,30,,6117,2,4,,2,70,,6118,2,4,,2,30,,6119,2,4,,2,70,,6121,2,4,,2,30,,6122,2,4,,2,70,,6123,2,4,,2,30,,6124,2,4,,2,70,,6125,2,4,,2,30,,6126,2,4,,2,70,,6127,2,4,,2,30,,6128,2,4,,2,70,,6129,2,4,,2,30,,6130,2,4,,2,70,,6132,2,4,,2,30,,6133,2,4,,2,70,,6134,2,4,,2
7000155019,'sam',11,,6141,2,4,,2,796,,6142,2,4,,2,30,,6143,2,4,,2,70,,6154,2,4,,2,30,,6156,2,4,,2,70,,6157,2,4,,2,30,,6158,2,4,,2,70,,6159,2,4,,2,30,,6160,2,4,,2,70,,6161,2,4,,2,30,,6162,2,4,,2,70,,6144,2,4,,2,30,,6145,2,4,,2,70,,6146,2,4,,2,30,,6147,2,4,,2,70,,6148,2,4,,2,30,,6149,2,4,,2,70,,6150,2,4,,2,30,,6151,2,4,,2,70,,6152,2,4,,2,30,,6153,2,4,,2,70,,6155,2,4,,2
7000160019,'LN',15,,6163,2,4,,2,892,,6164,2,4,,2,30,,6165,2,4,,2,70,,6176,2,4,,2,30,,6186,2,4,,2,70,,6187,2,4,,2,30,,6188,2,4,,2,70,,6189,2,4,,2,30,,6190,2,4,,2,70,,6191,2,4,,2,30,,6192,2,4,,2,70,,6166,2,4,,2,30,,6167,2,4,,2,70,,6168,2,4,,2,30,,6169,2,4,,2,70,,6170,2,4,,2,30,,6171,2,4,,2,70,,6172,2,4,,2,30,,6173,2,4,,2,70,,6174,2,4,,2,30,,6175,2,4,,2,70,,6177,2,4,,2,30,,6178,2,4,,2,70,,6179,2,4,,2,30,,6180,2,4,,2,70,,6181,2,4,,2,30,,6182,2,4,,2,70,,6183,2,4,,2,30,,6184,2,4,,2,70,,6185,2,4,,2
7000160019,'VNJA',15,,6193,2,4,,2,692,,6194,2,4,,2,30,,6195,2,4,,2,70,,6206,2,4,,2,30,,6210,2,4,,2,70,,6211,2,4,,2,30,,6212,2,4,,2,70,,6213,2,4,,2,30,,6214,2,4,,2,70,,6215,2,4,,2,30,,6216,2,4,,2,70,,6196,2,4,,2,30,,6197,2,4,,2,70,,6198,2,4,,2,30,,6199,2,4,,2,70,,6200,2,4,,2,30,,6201,2,4,,2,70,,6202,2,4,,2,30,,6203,2,4,,2,70,,6204,2,4,,2,30,,6205,2,4,,2,70,,6207,2,4,,2,30,,6208,2,4,,2,70,,6209,2,4,,2
7000160019,'dim',15,,6217,2,4,,2,892,,6218,2,4,,2,30,,6219,2,4,,2,70,,6229,2,4,,2,30,,6230,2,4,,2,70,,6231,2,4,,2,30,,6232,2,4,,2,70,,6233,2,4,,2,30,,6234,2,4,,2,70,,6235,2,4,,2,30,,6236,2,4,,2,70,,6220,2,4,,2,30,,6221,2,4,,2,70,,6222,2,4,,2,30,,6223,2,4,,2,70,,6224,2,4,,2,30,,6225,2,4,,2,70,,6226,2,4,,2,30,,6227,2,4,,2,70,,6228,2,4,,2
7000160019,'lun-ven',15,,6237,2,4,,2,692,,6238,2,4,,2,30,,6239,2,4,,2,70,,6250,2,4,,2,30,,6261,2,4,,2,70,,6265,2,4,,2,30,,6266,2,4,,2,70,,6267,2,4,,2,30,,6268,2,4,,2,70,,6269,2,4,,2,30,,6270,2,4,,2,70,,6240,2,4,,2,30,,6241,2,4,,2,70,,6242,2,4,,2,30,,6243,2,4,,2,70,,6244,2,4,,2,30,,6245,2,4,,2,70,,6246,2,4,,2,30,,6247,2,4,,2,70,,6248,2,4,,2,30,,6249,2,4,,2,70,,6251,2,4,,2,30,,6252,2,4,,2,70,,6253,2,4,,2,30,,6254,2,4,,2,70,,6255,2,4,,2,30,,6256,2,4,,2,70,,6257,2,4,,2,30,,6258,2,4,,2,70,,6259,2,4,,2,30,,6260,2,4,,2,70,,6262,2,4,,2,30,,6263,2,4,,2,70,,6264,2,4,,2
7000160019,'sam',15,,6271,2,4,,2,792,,6272,2,4,,2,30,,6273,2,4,,2,70,,6284,2,4,,2,30,,6286,2,4,,2,70,,6287,2,4,,2,30,,6288,2,4,,2,70,,6289,2,4,,2,30,,6290,2,4,,2,70,,6291,2,4,,2,30,,6292,2,4,,2,70,,6274,2,4,,2,30,,6275,2,4,,2,70,,6276,2,4,,2,30,,6277,2,4,,2,70,,6278,2,4,,2,30,,6279,2,4,,2,70,,6280,2,4,,2,30,,6281,2,4,,2,70,,6282,2,4,,2,30,,6283,2,4,,2,70,,6285,2,4,,2
18000300019,'LN',0,,13418,1,,,2,913,,13419,1,,,2,30,,13420,1,,,2,70,,13431,1,,,2,30,,13440,1,,,2,70,,13441,1,,,2,30,,13442,1,,,2,70,,13443,1,,,2,30,,13444,1,,,2,70,,13445,1,,,2,30,,13446,1,,,2,70,,13421,1,,,2,30,,13422,1,,,2,70,,13423,1,,,2,30,,13424,1,,,2,70,,13425,1,,,2,30,,13426,1,,,2,70,,13427,1,,,2,30,,13428,1,,,2,70,,13429,1,,,2,30,,13430,1,,,2,70,,13432,1,,,2,30,,13433,1,,,2,70,,13434,1,,,2,30,,13435,1,,,2,70,,13436,1,,,2,30,,13437,1,,,2,70,,13438,1,,,2,30,,13439,1,,,2
18000300019,'VNJA',0,,13470,1,,,2,713,,13471,1,,,2,30,,13472,1,,,2,70,,13483,1,,,2,30,,13486,1,,,2,70,,13487,1,,,2,30,,13488,1,,,2,70,,13489,1,,,2,30,,13490,1,,,2,70,,13491,1,,,2,30,,13492,1,,,2,70,,13473,1,,,2,30,,13474,1,,,2,70,,13475,1,,,2,30,,13476,1,,,2,70,,13477,1,,,2,30,,13478,1,,,2,70,,13479,1,,,2,30,,13480,1,,,2,70,,13481,1,,,2,30,,13482,1,,,2,70,,13484,1,,,2,30,,13485,1,,,2
18000300019,'dim',0,,13512,1,,,2,913,,13513,1,,,2,30,,13514,1,,,2,70,,13523,1,,,2,30,,13524,1,,,2,70,,13525,1,,,2,30,,13526,1,,,2,70,,13527,1,,,2,30,,13528,1,,,2,70,,13529,1,,,2,30,,13530,1,,,2,70,,13515,1,,,2,30,,13516,1,,,2,70,,13517,1,,,2,30,,13518,1,,,2,70,,13519,1,,,2,30,,13520,1,,,2,70,,13521,1,,,2,30,,13522,1,,,2
18000300019,'lun-ven',0,,13564,1,,,2,713,,13565,1,,,2,30,,13566,1,,,2,70,,13577,1,,,2,30,,13588,1,,,2,70,,13591,1,,,2,30,,13592,1,,,2,70,,13593,1,,,2,30,,13594,1,,,2,70,,13595,1,,,2,30,,13596,1,,,2,70,,13567,1,,,2,30,,13568,1,,,2,70,,13569,1,,,2,30,,13570,1,,,2,70,,13571,1,,,2,30,,13572,1,,,2,70,,13573,1,,,2,30,,13574,1,,,2,70,,13575,1,,,2,30,,13576,1,,,2,70,,13578,1,,,2,30,,13579,1,,,2,70,,13580,1,,,2,30,,13581,1,,,2,70,,13582,1,,,2,30,,13583,1,,,2,70,,13584,1,,,2,30,,13585,1,,,2,70,,13586,1,,,2,30,,13587,1,,,2,70,,13589,1,,,2,30,,13590,1,,,2
18000300019,'sam',0,,13618,1,,,2,813,,13619,1,,,2,30,,13620,1,,,2,70,,13631,1,,,2,30,,13632,1,,,2,70,,13633,1,,,2,30,,13634,1,,,2,70,,13635,1,,,2,30,,13636,1,,,2,70,,13637,1,,,2,30,,13638,1,,,2,70,,13621,1,,,2,30,,13622,1,,,2,70,,13623,1,,,2,30,,13624,1,,,2,70,,13625,1,,,2,30,,13626,1,,,2,70,,13627,1,,,2,30,,13628,1,,,2,70,,13629,1,,,2,30,,13630,1,,,2
18000310019,'LN',11,,13639,2,4,,2,896,,13640,2,4,,2,30,,13641,2,4,,2,70,,13652,2,4,,2,30,,13662,2,4,,2,70,,13663,2,4,,2,30,,13664,2,4,,2,70,,13665,2,4,,2,30,,13666,2,4,,2,70,,13667,2,4,,2,30,,13668,2,4,,2,70,,13642,2,4,,2,30,,13643,2,4,,2,70,,13644,2,4,,2,30,,13645,2,4,,2,70,,13646,2,4,,2,30,,13647,2,4,,2,70,,13648,2,4,,2,30,,13649,2,4,,2,70,,13650,2,4,,2,30,,13651,2,4,,2,70,,13653,2,4,,2,30,,13654,2,4,,2,70,,13655,2,4,,2,30,,13656,2,4,,2,70,,13657,2,4,,2,30,,13658,2,4,,2,70,,13659,2,4,,2,30,,13660,2,4,,2,70,,13661,2,4,,2
18000310019,'VNJA',11,,13669,2,4,,2,696,,13670,2,4,,2,30,,13671,2,4,,2,70,,13682,2,4,,2,30,,13686,2,4,,2,70,,13687,2,4,,2,30,,13688,2,4,,2,70,,13689,2,4,,2,30,,13690,2,4,,2,70,,13691,2,4,,2,30,,13692,2,4,,2,70,,13672,2,4,,2,30,,13673,2,4,,2,70,,13674,2,4,,2,30,,13675,2,4,,2,70,,13676,2,4,,2,30,,13677,2,4,,2,70,,13678,2,4,,2,30,,13679,2,4,,2,70,,13680,2,4,,2,30,,13681,2,4,,2,70,,13683,2,4,,2,30,,13684,2,4,,2,70,,13685,2,4,,2
18000310019,'dim',11,,13693,2,4,,2,896,,13694,2,4,,2,30,,13695,2,4,,2,70,,13705,2,4,,2,30,,13706,2,4,,2,70,,13707,2,4,,2,30,,13708,2,4,,2,70,,13709,2,4,,2,30,,13710,2,4,,2,70,,13711,2,4,,2,30,,13712,2,4,,2,70,,13696,2,4,,2,30,,13697,2,4,,2,70,,13698,2,4,,2,30,,13699,2,4,,2,70,,13700,2,4,,2,30,,13701,2,4,,2,70,,13702,2,4,,2,30,,13703,2,4,,2,70,,13704,2,4,,2
18000310019,'lun-ven',11,,13713,2,4,,2,696,,13714,2,4,,2,30,,13715,2,4,,2,70,,13726,2,4,,2,30,,13737,2,4,,2,70,,13741,2,4,,2,30,,13742,2,4,,2,70,,13743,2,4,,2,30,,13744,2,4,,2,70,,13745,2,4,,2,30,,13746,2,4,,2,70,,13716,2,4,,2,30,,13717,2,4,,2,70,,13718,2,4,,2,30,,13719,2,4,,2,70,,13720,2,4,,2,30,,13721,2,4,,2,70,,13722,2,4,,2,30,,13723,2,4,,2,70,,13724,2,4,,2,30,,13725,2,4,,2,70,,13727,2,4,,2,30,,13728,2,4,,2,70,,13729,2,4,,2,30,,13730,2,4,,2,70,,13731,2,4,,2,30,,13732,2,4,,2,70,,13733,2,4,,2,30,,13734,2,4,,2,70,,13735,2,4,,2,30,,13736,2,4,,2,70,,13738,2,4,,2,30,,13739,2,4,,2,70,,13740,2,4,,2
18000310019,'sam',11,,13747,2,4,,2,796,,13748,2,4,,2,30,,13749,2,4,,2,70,,13760,2,4,,2,30,,13762,2,4,,2,70,,13763,2,4,,2,30,,13764,2,4,,2,70,,13765,2,4,,2,30,,13766,2,4,,2,70,,13767,2,4,,2,30,,13768,2,4,,2,70,,13750,2,4,,2,30,,13751,2,4,,2,70,,13752,2,4,,2,30,,13753,2,4,,2,70,,13754,2,4,,2,30,,13755,2,4,,2,70,,13756,2,4,,2,30,,13757,2,4,,2,70,,13758,2,4,,2,30,,13759,2,4,,2,70,,13761,2,4,,2
18000325019,'LN',15,,13769,2,4,,2,892,,13770,2,4,,2,30,,13771,2,4,,2,70,,13782,2,4,,2,30,,13792,2,4,,2,70,,13793,2,4,,2,30,,13794,2,4,,2,70,,13795,2,4,,2,30,,13796,2,4,,2,70,,13797,2,4,,2,30,,13798,2,4,,2,70,,13772,2,4,,2,30,,13773,2,4,,2,70,,13774,2,4,,2,30,,13775,2,4,,2,70,,13776,2,4,,2,30,,13777,2,4,,2,70,,13778,2,4,,2,30,,13779,2,4,,2,70,,13780,2,4,,2,30,,13781,2,4,,2,70,,13783,2,4,,2,30,,13784,2,4,,2,70,,13785,2,4,,2,30,,13786,2,4,,2,70,,13787,2,4,,2,30,,13788,2,4,,2,70,,13789,2,4,,2,30,,13790,2,4,,2,70,,13791,2,4,,2
18000325019,'VNJA',15,,13799,2,4,,2,692,,13800,2,4,,2,30,,13801,2,4,,2,70,,13812,2,4,,2,30,,13816,2,4,,2,70,,13817,2,4,,2,30,,13818,2,4,,2,70,,13819,2,4,,2,30,,13820,2,4,,2,70,,13821,2,4,,2,30,,13822,2,4,,2,70,,13802,2,4,,2,30,,13803,2,4,,2,70,,13804,2,4,,2,30,,13805,2,4,,2,70,,13806,2,4,,2,30,,13807,2,4,,2,70,,13808,2,4,,2,30,,13809,2,4,,2,70,,13810,2,4,,2,30,,13811,2,4,,2,70,,13813,2,4,,2,30,,13814,2,4,,2,70,,13815,2,4,,2
18000325019,'dim',15,,13823,2,4,,2,892,,13824,2,4,,2,30,,13825,2,4,,2,70,,13835,2,4,,2,30,,13836,2,4,,2,70,,13837,2,4,,2,30,,13838,2,4,,2,70,,13839,2,4,,2,30,,13840,2,4,,2,70,,13841,2,4,,2,30,,13842,2,4,,2,70,,13826,2,4,,2,30,,13827,2,4,,2,70,,13828,2,4,,2,30,,13829,2,4,,2,70,,13830,2,4,,2,30,,13831,2,4,,2,70,,13832,2,4,,2,30,,13833,2,4,,2,70,,13834,2,4,,2
18000325019,'lun-ven',15,,13843,2,4,,2,692,,13844,2,4,,2,30,,13845,2,4,,2,70,,13856,2,4,,2,30,,13867,2,4,,2,70,,13871,2,4,,2,30,,13872,2,4,,2,70,,13873,2,4,,2,30,,13874,2,4,,2,70,,13875,2,4,,2,30,,13876,2,4,,2,70,,13846,2,4,,2,30,,13847,2,4,,2,70,,13848,2,4,,2,30,,13849,2,4,,2,70,,13850,2,4,,2,30,,13851,2,4,,2,70,,13852,2,4,,2,30,,13853,2,4,,2,70,,13854,2,4,,2,30,,13855,2,4,,2,70,,13857,2,4,,2,30,,13858,2,4,,2,70,,13859,2,4,,2,30,,13860,2,4,,2,70,,13861,2,4,,2,30,,13862,2,4,,2,70,,13863,2,4,,2,30,,13864,2,4,,2,70,,13865,2,4,,2,30,,13866,2,4,,2,70,,13868,2,4,,2,30,,13869,2,4,,2,70,,13870,2,4,,2
18000325019,'sam',15,,13877,2,4,,2,792,,13878,2,4,,2,30,,13879,2,4,,2,70,,13890,2,4,,2,30,,13892,2,4,,2,70,,13893,2,4,,2,30,,13894,2,4,,2,70,,13895,2,4,,2,30,,13896,2,4,,2,70,,13897,2,4,,2,30,,13898,2,4,,2,70,,13880,2,4,,2,30,,13881,2,4,,2,70,,13882,2,4,,2,30,,13883,2,4,,2,70,,13884,2,4,,2,30,,13885,2,4,,2,70,,13886,2,4,,2,30,,13887,2,4,,2,70,,13888,2,4,,2,30,,13889,2,4,,2,70,,13891,2,4,,2
