1019,101,1,0,0
1019,2981,2,0,0
1019,2982,3,0,0
1019,2984,4,0,0
1019,2986,5,0,0
1019,2987,6,0,0
1019,2989,7,0,0
1019,2990,8,0,0
1019,2992,9,0,0
1019,2994,10,0,0
1019,2996,11,0,0
1019,2998,12,0,0
1019,3013,13,0,0
1019,2999,14,0,0
1019,3000,15,0,0
1019,3001,16,0,0
1019,3002,17,0,0
1019,3003,18,0,0
1019,3004,19,0,0
1019,3005,20,0,0
1019,3006,21,0,0
1019,3007,22,0,0
1019,3008,23,0,0
1019,3009,24,0,0
1019,3010,25,0,0
1019,3011,26,0,0
1019,3012,27,0,0
1019,2997,28,0,0
1019,2995,29,0,0
1019,2993,30,0,0
1019,2991,31,0,0
1019,2988,32,0,0
1019,3015,33,0,0
1019,3014,34,0,0
1019,2985,35,0,0
1019,2983,36,0,0
1019,2980,37,0,0
2019,101,1,0,0
2019,3035,2,0,0
2019,3019,3,0,0
2019,3018,4,0,0
2019,3017,5,0,0
2019,3016,6,0,0
2019,3020,7,0,0
2019,3021,8,0,0
2019,3022,9,0,0
2019,3037,10,0,0
2019,3023,11,0,0
2019,3024,12,0,0
2019,3025,13,0,0
2019,3026,14,0,0
2019,3027,15,0,0
2019,3028,16,0,0
2019,3029,17,0,0
2019,4365,18,0,0
2019,3030,19,0,0
2019,3031,20,0,0
2019,3033,21,0,0
2019,3032,22,0,0
2019,3034,23,0,0
2019,3036,24,0,0
3019,101,1,0,0
3019,3039,2,0,0
3019,3040,3,0,0
3019,3041,4,0,0
3019,3042,5,0,0
3019,3049,6,0,0
3019,3050,7,0,0
3019,3051,8,0,0
3019,3054,9,0,0
3019,3055,10,0,0
3019,3057,11,0,0
3019,3063,12,0,0
3019,3016,13,0,0
3019,3061,14,0,0
3019,3060,15,0,0
3019,3064,16,0,0
3019,3059,17,0,0
3019,3058,18,0,0
3019,3056,19,0,0
3019,3053,20,0,0
3019,3052,21,0,0
3019,3047,22,0,0
3019,3048,23,0,0
3019,3043,24,0,0
3019,3044,25,0,0
3019,3045,26,0,0
3019,3046,27,0,0
3019,3036,28,0,0
4019,101,1,0,0
4019,3091,2,0,0
4019,3094,3,0,0
4019,3090,4,0,0
4019,3089,5,0,0
4019,3088,6,0,0
4019,3084,7,0,0
4019,3083,8,0,0
4019,3080,9,0,0
4019,3079,10,0,0
4019,3076,11,0,0
4019,3075,12,0,0
4019,3070,13,0,0
4019,3072,14,0,0
4019,3069,15,0,0
4019,4364,16,0,0
4019,3067,17,0,0
4019,3065,18,0,0
4019,3066,19,0,0
4019,3950,20,0,0
4019,3068,21,0,0
4019,3071,22,0,0
4019,3073,23,0,0
4019,3074,24,0,0
4019,3077,25,0,0
4019,3078,26,0,0
4019,3081,27,0,0
4019,3082,28,0,0
4019,3085,29,0,0
4019,3036,30,0,0
6019,101,1,0,0
6019,3040,2,0,0
6019,3042,3,0,0
6019,1764,4,0,0
6019,1763,5,0,0
6019,1765,6,0,0
6019,1766,7,0,0
6019,1767,8,0,0
6019,1768,9,0,0
6019,1769,10,0,0
6019,1770,11,0,0
6019,1771,12,0,0
6019,2578,13,0,0
6019,1773,14,0,0
6019,1774,15,0,0
6019,1775,16,0,0
6019,2173,17,0,0
6019,1762,18,0,0
6019,1759,19,0,0
7019,3103,1,0,0
7019,3550,2,0,0
7019,3102,3,0,0
7019,3133,4,0,0
7019,3101,5,0,0
7019,3100,6,0,0
7019,3099,7,0,0
7019,3132,8,0,0
7019,3131,9,0,0
7019,3104,10,0,0
7019,3130,11,0,0
7019,3098,12,0,0
7019,3097,13,0,0
7019,3146,14,0,0
7019,3096,15,0,0
7019,3095,16,0,0
7019,3128,17,0,0
7019,3129,18,0,0
8019,3103,1,0,0
8019,3105,2,0,0
8019,3149,3,0,0
8019,3134,4,0,0
8019,3107,5,0,0
8019,3108,6,0,0
8019,3150,7,0,0
8019,3109,8,0,0
8019,3147,9,0,0
8019,3110,10,0,0
8019,3148,11,0,0
8019,3111,12,0,0
8019,3135,13,0,0
8019,3112,14,0,0
40004019,101,1,0,0
40004019,3091,2,0,0
40004019,2984,3,0,0
40004019,2986,4,0,0
40004019,3094,5,0,0
40004019,3090,6,0,0
40004019,3089,7,0,0
40004019,3088,8,0,0
40004019,3084,9,0,0
40004019,3083,10,0,0
40004019,3080,11,0,0
40004019,3079,12,0,0
40004019,3076,13,0,0
40004019,3075,14,0,0
40004019,3070,15,0,0
40004019,3072,16,0,0
40004019,3069,17,0,0
40004019,4364,18,0,0
40004019,3067,19,0,0
40004019,3065,20,0,0
40004019,3066,21,0,0
40004019,3950,22,0,0
40004019,3068,23,0,0
40004019,3071,24,0,0
40004019,3073,25,0,0
40004019,3074,26,0,0
40004019,3077,27,0,0
40004019,3078,28,0,0
40004019,3081,29,0,0
40004019,3082,30,0,0
40004019,3085,31,0,0
40004019,3036,32,0,0
140005019,101,1,0,0
140005019,3035,2,0,0
140005019,905,3,0,0
140005019,908,4,0,0
140005019,910,5,0,0
140005019,2573,6,0,0
140005019,911,7,0,0
140005019,3019,8,0,0
140005019,3018,9,0,0
140005019,3017,10,0,0
140005019,3016,11,0,0
140005019,3061,12,0,0
140005019,918,13,0,0
140005019,916,14,0,0
140005019,3103,15,0,0
140005019,913,16,0,0
140005019,912,17,0,0
140005019,2574,18,0,0
140005019,909,19,0,0
140005019,2979,20,0,0
140005019,907,21,0,0
140005019,906,22,0,0
140005019,3036,23,0,0
190005019,101,1,0,0
190005019,3035,2,0,0
190005019,902,3,0,0
190005019,899,4,0,0
190005019,897,5,0,0
190005019,895,6,0,0
190005019,894,7,0,0
190005019,891,8,0,0
190005019,2575,9,0,0
190005019,890,10,0,0
190005019,888,11,0,0
190005019,885,12,0,0
190005019,883,13,0,0
190005019,882,14,0,0
190005019,879,15,0,0
190005019,880,16,0,0
190005019,881,17,0,0
190005019,884,18,0,0
190005019,886,19,0,0
190005019,887,20,0,0
190005019,889,21,0,0
190005019,892,22,0,0
190005019,893,23,0,0
190005019,941,24,0,0
190005019,898,25,0,0
190005019,900,26,0,0
190005019,901,27,0,0
190005019,3036,28,0,0
308700019,1763,1,0,0
308700019,308705,2,1,1
308705019,308705,1,0,0
308705019,1763,2,1,1
319600019,3007,1,0,0
319600019,319605,2,1,1
319600019,319615,3,1,1
319600019,319625,4,1,1
319605019,319605,1,0,0
319605019,3007,2,1,1
319615019,319615,1,0,0
319615019,3007,2,1,1
319625019,319625,1,0,0
319625019,3007,2,1,1
1000400019,1763,1,0,0
1000400019,10000405,2,1,1
1000400019,10000410,3,1,1
1000400019,10000415,4,1,1
1000400019,10000420,5,1,1
1000405019,10000405,1,0,0
1000405019,1763,2,1,1
1000410019,10000410,1,0,0
1000410019,1763,2,1,1
1000415019,10000415,1,0,0
1000415019,1763,2,1,1
1000420019,10000420,1,0,0
1000420019,1763,2,1,1
3000700019,1763,1,0,0
3000700019,30000730,2,1,1
3000700019,30000710,3,1,1
3000700019,30000790,4,1,1
3000710019,30000710,1,0,0
3000710019,1763,2,1,1
3000730019,30000730,1,0,0
3000730019,1763,2,1,1
3000790019,30000790,1,0,0
3000790019,1763,2,1,1
7000100019,3016,1,0,0
7000100019,70000150,2,1,1
7000100019,3107,3,1,1
7000100019,70000130,4,1,1
7000100019,70000125,5,1,1
7000100019,70000120,6,1,1
7000100019,70000110,7,1,1
7000100019,70000115,8,1,1
7000100019,3108,9,1,1
7000100019,70000155,10,1,1
7000100019,3149,11,1,1
7000110019,70000110,1,0,0
7000110019,3016,2,1,1
7000115019,70000115,1,0,0
7000115019,3016,2,1,1
7000120019,70000120,1,0,0
7000120019,3016,2,1,1
7000125019,70000125,1,0,0
7000125019,3016,2,1,1
7000130019,70000130,1,0,0
7000130019,3016,2,1,1
7000140019,3108,1,0,0
7000140019,3016,2,1,1
7000145019,3107,1,0,0
7000145019,3016,2,1,1
7000150019,70000150,1,0,0
7000150019,3016,2,1,1
7000155019,70000155,1,0,0
7000155019,3016,2,1,1
7000160019,3149,1,0,0
7000160019,3016,2,1,1
10000500019,3070,1,0,0
10000500019,100000545,2,1,1
10000500019,100000540,3,1,1
10000500019,100000505,4,1,1
10000500019,100000510,5,1,1
10000500019,100000515,6,1,1
10000500019,100000520,7,1,1
10000500019,100000525,8,1,1
10000500019,100000530,9,1,1
10000500019,100000535,10,1,1
10000500019,100000550,11,1,1
10000500019,100000555,12,1,1
10000505019,100000505,1,0,0
10000505019,3070,2,1,1
10000510019,100000510,1,0,0
10000510019,3070,2,1,1
10000515019,100000515,1,0,0
10000515019,3070,2,1,1
10000520019,100000520,1,0,0
10000520019,3070,2,1,1
10000525019,100000525,1,0,0
10000525019,3070,2,1,1
10000530019,100000530,1,0,0
10000530019,3070,2,1,1
10000535019,100000535,1,0,0
10000535019,3070,2,1,1
10000540019,100000540,1,0,0
10000540019,3070,2,1,1
10000545019,100000545,1,0,0
10000545019,3070,2,1,1
10000550019,100000550,1,0,0
10000550019,3070,2,1,1
10000555019,100000555,1,0,0
10000555019,3070,2,1,1
13000600019,879,1,0,0
13000600019,130000680,2,1,1
13000600019,130000650,3,1,1
13000600019,130000630,4,1,1
13000630019,130000630,1,0,0
13000630019,879,2,1,1
13000650019,130000650,1,0,0
13000650019,879,2,1,1
13000680019,130000680,1,0,0
13000680019,879,2,1,1
14000800019,879,1,0,0
14000800019,140000880,2,1,1
14000800019,140000860,3,1,1
14000800019,140000850,4,1,1
14000800019,140000840,5,1,1
14000800019,140000820,6,1,1
14000800019,140000810,7,1,1
14000800019,140000805,8,1,1
14000800019,140000830,9,1,1
14000800019,140000875,10,1,1
14000800019,140000878,11,1,1
14000800019,140000885,12,1,1
14000800019,140000890,13,1,1
14000800019,140000892,14,1,1
14000800019,140000895,15,1,1
14000805019,140000805,1,0,0
14000805019,879,2,1,1
14000810019,140000810,1,0,0
14000810019,879,2,1,1
14000820019,140000820,1,0,0
14000820019,879,2,1,1
14000830019,140000830,1,0,0
14000830019,879,2,1,1
14000840019,140000840,1,0,0
14000840019,879,2,1,1
14000850019,140000850,1,0,0
14000850019,879,2,1,1
14000860019,140000860,1,0,0
14000860019,879,2,1,1
14000875019,140000875,1,0,0
14000875019,879,2,1,1
14000878019,140000878,1,0,0
14000878019,879,2,1,1
14000880019,140000880,1,0,0
14000880019,879,2,1,1
14000885019,140000885,1,0,0
14000885019,879,2,1,1
14000890019,140000890,1,0,0
14000890019,879,2,1,1
14000892019,140000892,1,0,0
14000892019,879,2,1,1
14000895019,140000895,1,0,0
14000895019,879,2,1,1
14190600019,101,1,0,0
14190600019,5000,2,0,0
14190600019,5002,3,0,0
14190600019,5004,4,0,0
14190600019,5006,5,0,0
14190600019,5008,6,0,0
18000300019,3016,1,0,0
18000300019,180000310,2,1,1
18000300019,180000325,3,1,1
18000310019,180000310,1,0,0
18000310019,3016,2,1,1
18000325019,180000325,1,0,0
18000325019,3016,2,1,1
22000200019,3067,1,0,0
22000200019,220000210,2,1,1
22000200019,220000220,3,1,1
22000200019,220000230,4,1,1
22000200019,220000235,5,1,1
22000200019,220000240,6,1,1
22000200019,220000250,7,1,1
22000200019,220000260,8,1,1
22000210019,220000210,1,0,0
22000210019,3067,2,1,1
22000220019,220000220,1,0,0
22000220019,3067,2,1,1
22000230019,220000230,1,0,0
22000230019,3067,2,1,1
22000235019,220000235,1,0,0
22000235019,3067,2,1,1
22000240019,220000240,1,0,0
22000240019,3067,2,1,1
22000250019,220000250,1,0,0
22000250019,3067,2,1,1
22000260019,220000260,1,0,0
22000260019,3067,2,1,1
