14000800019,'LN',13,,10174,2,4,,2,913,,10175,2,4,,2,30,,10176,2,4,,2,70,,10187,2,4,,2,30,,10196,2,4,,2,70,,10197,2,4,,2,30,,10198,2,4,,2,70,,10199,2,4,,2,30,,10200,2,4,,2,70,,10201,2,4,,2,30,,10202,2,4,,2,70,,10177,2,4,,2,30,,10178,2,4,,2,70,,10179,2,4,,2,30,,10180,2,4,,2,70,,10181,2,4,,2,30,,10182,2,4,,2,70,,10183,2,4,,2,30,,10184,2,4,,2,70,,10185,2,4,,2,30,,10186,2,4,,2,70,,10188,2,4,,2,30,,10189,2,4,,2,70,,10190,2,4,,2,30,,10191,2,4,,2,70,,10192,2,4,,2,30,,10193,2,4,,2,70,,10194,2,4,,2,30,,10195,2,4,,2
14000800019,'VNJA',13,,10508,2,4,,2,713,,10509,2,4,,2,30,,10510,2,4,,2,70,,10521,2,4,,2,30,,10524,2,4,,2,70,,10525,2,4,,2,30,,10526,2,4,,2,70,,10527,2,4,,2,30,,10528,2,4,,2,70,,10529,2,4,,2,30,,10530,2,4,,2,70,,10511,2,4,,2,30,,10512,2,4,,2,70,,10513,2,4,,2,30,,10514,2,4,,2,70,,10515,2,4,,2,30,,10516,2,4,,2,70,,10517,2,4,,2,30,,10518,2,4,,2,70,,10519,2,4,,2,30,,10520,2,4,,2,70,,10522,2,4,,2,30,,10523,2,4,,2
14000800019,'dim',13,,10782,2,4,,2,913,,10783,2,4,,2,30,,10784,2,4,,2,70,,10793,2,4,,2,30,,10794,2,4,,2,70,,10795,2,4,,2,30,,10796,2,4,,2,70,,10797,2,4,,2,30,,10798,2,4,,2,70,,10799,2,4,,2,30,,10800,2,4,,2,70,,10785,2,4,,2,30,,10786,2,4,,2,70,,10787,2,4,,2,30,,10788,2,4,,2,70,,10789,2,4,,2,30,,10790,2,4,,2,70,,10791,2,4,,2,30,,10792,2,4,,2
14000800019,'lun-ven',13,,11216,2,4,,2,713,,11217,2,4,,2,30,,11218,2,4,,2,70,,11229,2,4,,2,30,,11240,2,4,,2,70,,11243,2,4,,2,30,,11244,2,4,,2,70,,11245,2,4,,2,30,,11246,2,4,,2,70,,11247,2,4,,2,30,,11248,2,4,,2,70,,11219,2,4,,2,30,,11220,2,4,,2,70,,11221,2,4,,2,30,,11222,2,4,,2,70,,11223,2,4,,2,30,,11224,2,4,,2,70,,11225,2,4,,2,30,,11226,2,4,,2,70,,11227,2,4,,2,30,,11228,2,4,,2,70,,11230,2,4,,2,30,,11231,2,4,,2,70,,11232,2,4,,2,30,,11233,2,4,,2,70,,11234,2,4,,2,30,,11235,2,4,,2,70,,11236,2,4,,2,30,,11237,2,4,,2,70,,11238,2,4,,2,30,,11239,2,4,,2,70,,11241,2,4,,2,30,,11242,2,4,,2
14000800019,'sam',13,,11534,2,4,,2,813,,11535,2,4,,2,30,,11536,2,4,,2,70,,11547,2,4,,2,30,,11548,2,4,,2,70,,11549,2,4,,2,30,,11550,2,4,,2,70,,11551,2,4,,2,30,,11552,2,4,,2,70,,11553,2,4,,2,30,,11554,2,4,,2,70,,11537,2,4,,2,30,,11538,2,4,,2,70,,11539,2,4,,2,30,,11540,2,4,,2,70,,11541,2,4,,2,30,,11542,2,4,,2,70,,11543,2,4,,2,30,,11544,2,4,,2,70,,11545,2,4,,2,30,,11546,2,4,,2
14000892019,'LN',0,,13126,1,,,2,857,,13127,1,,,2,70,,13128,1,,,2,30,,13139,1,,,2,70,,13149,1,,,2,30,,13150,1,,,2,70,,13151,1,,,2,30,,13152,1,,,2,70,,13153,1,,,2,30,,13154,1,,,2,70,,13155,1,,,2,30,,13129,1,,,2,70,,13130,1,,,2,30,,13131,1,,,2,70,,13132,1,,,2,30,,13133,1,,,2,70,,13134,1,,,2,30,,13135,1,,,2,70,,13136,1,,,2,30,,13137,1,,,2,70,,13138,1,,,2,30,,13140,1,,,2,70,,13141,1,,,2,30,,13142,1,,,2,70,,13143,1,,,2,30,,13144,1,,,2,70,,13145,1,,,2,30,,13146,1,,,2,70,,13147,1,,,2,30,,13148,1,,,2
14000892019,'VNJA',0,,13156,1,,,2,657,,13157,1,,,2,70,,13158,1,,,2,30,,13169,1,,,2,70,,13173,1,,,2,30,,13174,1,,,2,70,,13175,1,,,2,30,,13176,1,,,2,70,,13177,1,,,2,30,,13178,1,,,2,70,,13179,1,,,2,30,,13159,1,,,2,70,,13160,1,,,2,30,,13161,1,,,2,70,,13162,1,,,2,30,,13163,1,,,2,70,,13164,1,,,2,30,,13165,1,,,2,70,,13166,1,,,2,30,,13167,1,,,2,70,,13168,1,,,2,30,,13170,1,,,2,70,,13171,1,,,2,30,,13172,1,,,2
14000892019,'dim',0,,13180,1,,,2,857,,13181,1,,,2,70,,13182,1,,,2,30,,13192,1,,,2,70,,13193,1,,,2,30,,13194,1,,,2,70,,13195,1,,,2,30,,13196,1,,,2,70,,13197,1,,,2,30,,13198,1,,,2,70,,13199,1,,,2,30,,13183,1,,,2,70,,13184,1,,,2,30,,13185,1,,,2,70,,13186,1,,,2,30,,13187,1,,,2,70,,13188,1,,,2,30,,13189,1,,,2,70,,13190,1,,,2,30,,13191,1,,,2
14000892019,'lun-ven',0,,13200,1,,,2,657,,13201,1,,,2,70,,13202,1,,,2,30,,13213,1,,,2,70,,13224,1,,,2,30,,13228,1,,,2,70,,13229,1,,,2,30,,13230,1,,,2,70,,13231,1,,,2,30,,13232,1,,,2,70,,13233,1,,,2,30,,13203,1,,,2,70,,13204,1,,,2,30,,13205,1,,,2,70,,13206,1,,,2,30,,13207,1,,,2,70,,13208,1,,,2,30,,13209,1,,,2,70,,13210,1,,,2,30,,13211,1,,,2,70,,13212,1,,,2,30,,13214,1,,,2,70,,13215,1,,,2,30,,13216,1,,,2,70,,13217,1,,,2,30,,13218,1,,,2,70,,13219,1,,,2,30,,13220,1,,,2,70,,13221,1,,,2,30,,13222,1,,,2,70,,13223,1,,,2,30,,13225,1,,,2,70,,13226,1,,,2,30,,13227,1,,,2
14000892019,'sam',0,,13234,1,,,2,757,,13235,1,,,2,70,,13236,1,,,2,30,,13247,1,,,2,70,,13249,1,,,2,30,,13250,1,,,2,70,,13251,1,,,2,30,,13252,1,,,2,70,,13253,1,,,2,30,,13254,1,,,2,70,,13255,1,,,2,30,,13237,1,,,2,70,,13238,1,,,2,30,,13239,1,,,2,70,,13240,1,,,2,30,,13241,1,,,2,70,,13242,1,,,2,30,,13243,1,,,2,70,,13244,1,,,2,30,,13245,1,,,2,70,,13246,1,,,2,30,,13248,1,,,2
