22000200019,'LN',5,,13957,2,4,,2,918,,13958,2,4,,2,30,,13959,2,4,,2,70,,13970,2,4,,2,30,,13979,2,4,,2,70,,13980,2,4,,2,30,,13981,2,4,,2,70,,13982,2,4,,2,30,,13983,2,4,,2,70,,13984,2,4,,2,30,,13985,2,4,,2,70,,13960,2,4,,2,30,,13961,2,4,,2,70,,13962,2,4,,2,30,,13963,2,4,,2,70,,13964,2,4,,2,30,,13965,2,4,,2,70,,13966,2,4,,2,30,,13967,2,4,,2,70,,13968,2,4,,2,30,,13969,2,4,,2,70,,13971,2,4,,2,30,,13972,2,4,,2,70,,13973,2,4,,2,30,,13974,2,4,,2,70,,13975,2,4,,2,30,,13976,2,4,,2,70,,13977,2,4,,2,30,,13978,2,4,,2
22000200019,'VNJA',5,,14148,2,4,,2,718,,14149,2,4,,2,30,,14150,2,4,,2,70,,14161,2,4,,2,30,,14164,2,4,,2,70,,14165,2,4,,2,30,,14166,2,4,,2,70,,14167,2,4,,2,30,,14168,2,4,,2,70,,14169,2,4,,2,30,,14170,2,4,,2,70,,14151,2,4,,2,30,,14152,2,4,,2,70,,14153,2,4,,2,30,,14154,2,4,,2,70,,14155,2,4,,2,30,,14156,2,4,,2,70,,14157,2,4,,2,30,,14158,2,4,,2,70,,14159,2,4,,2,30,,14160,2,4,,2,70,,14162,2,4,,2,30,,14163,2,4,,2
22000200019,'dim',5,,14301,2,4,,2,918,,14302,2,4,,2,30,,14303,2,4,,2,70,,14312,2,4,,2,30,,14313,2,4,,2,70,,14314,2,4,,2,30,,14315,2,4,,2,70,,14316,2,4,,2,30,,14317,2,4,,2,70,,14318,2,4,,2,30,,14319,2,4,,2,70,,14304,2,4,,2,30,,14305,2,4,,2,70,,14306,2,4,,2,30,,14307,2,4,,2,70,,14308,2,4,,2,30,,14309,2,4,,2,70,,14310,2,4,,2,30,,14311,2,4,,2
22000200019,'lun-ven',5,,14462,2,4,,2,718,,14463,2,4,,2,30,,14464,2,4,,2,70,,14475,2,4,,2,30,,14486,2,4,,2,70,,14489,2,4,,2,30,,14490,2,4,,2,70,,14491,2,4,,2,30,,14492,2,4,,2,70,,14493,2,4,,2,30,,14494,2,4,,2,70,,14465,2,4,,2,30,,14466,2,4,,2,70,,14467,2,4,,2,30,,14468,2,4,,2,70,,14469,2,4,,2,30,,14470,2,4,,2,70,,14471,2,4,,2,30,,14472,2,4,,2,70,,14473,2,4,,2,30,,14474,2,4,,2,70,,14476,2,4,,2,30,,14477,2,4,,2,70,,14478,2,4,,2,30,,14479,2,4,,2,70,,14480,2,4,,2,30,,14481,2,4,,2,70,,14482,2,4,,2,30,,14483,2,4,,2,70,,14484,2,4,,2,30,,14485,2,4,,2,70,,14487,2,4,,2,30,,14488,2,4,,2
22000200019,'sam',5,,14669,2,4,,2,818,,14670,2,4,,2,30,,14671,2,4,,2,70,,14682,2,4,,2,30,,14683,2,4,,2,70,,14684,2,4,,2,30,,14685,2,4,,2,70,,14686,2,4,,2,30,,14687,2,4,,2,70,,14688,2,4,,2,30,,14689,2,4,,2,70,,14672,2,4,,2,30,,14673,2,4,,2,70,,14674,2,4,,2,30,,14675,2,4,,2,70,,14676,2,4,,2,30,,14677,2,4,,2,70,,14678,2,4,,2,30,,14679,2,4,,2,70,,14680,2,4,,2,30,,14681,2,4,,2
22000230019,'LN',0,,15024,1,,,2,904,,15025,1,,,2,30,,15026,1,,,2,70,,15037,1,,,2,30,,15046,1,,,2,70,,15047,1,,,2,30,,15048,1,,,2,70,,15049,1,,,2,30,,15050,1,,,2,70,,15051,1,,,2,30,,15052,1,,,2,70,,15027,1,,,2,30,,15028,1,,,2,70,,15029,1,,,2,30,,15030,1,,,2,70,,15031,1,,,2,30,,15032,1,,,2,70,,15033,1,,,2,30,,15034,1,,,2,70,,15035,1,,,2,30,,15036,1,,,2,70,,15038,1,,,2,30,,15039,1,,,2,70,,15040,1,,,2,30,,15041,1,,,2,70,,15042,1,,,2,30,,15043,1,,,2,70,,15044,1,,,2,30,,15045,1,,,2
22000230019,'VNJA',0,,15053,1,,,2,704,,15054,1,,,2,30,,15055,1,,,2,70,,15066,1,,,2,30,,15069,1,,,2,70,,15070,1,,,2,30,,15071,1,,,2,70,,15072,1,,,2,30,,15073,1,,,2,70,,15074,1,,,2,30,,15075,1,,,2,70,,15056,1,,,2,30,,15057,1,,,2,70,,15058,1,,,2,30,,15059,1,,,2,70,,15060,1,,,2,30,,15061,1,,,2,70,,15062,1,,,2,30,,15063,1,,,2,70,,15064,1,,,2,30,,15065,1,,,2,70,,15067,1,,,2,30,,15068,1,,,2
22000230019,'dim',0,,15076,1,,,2,904,,15077,1,,,2,30,,15078,1,,,2,70,,15087,1,,,2,30,,15088,1,,,2,70,,15089,1,,,2,30,,15090,1,,,2,70,,15091,1,,,2,30,,15092,1,,,2,70,,15093,1,,,2,30,,15094,1,,,2,70,,15079,1,,,2,30,,15080,1,,,2,70,,15081,1,,,2,30,,15082,1,,,2,70,,15083,1,,,2,30,,15084,1,,,2,70,,15085,1,,,2,30,,15086,1,,,2
22000230019,'lun-ven',0,,15095,1,,,2,704,,15096,1,,,2,30,,15097,1,,,2,70,,15108,1,,,2,30,,15119,1,,,2,70,,15122,1,,,2,30,,15123,1,,,2,70,,15124,1,,,2,30,,15125,1,,,2,70,,15126,1,,,2,30,,15127,1,,,2,70,,15098,1,,,2,30,,15099,1,,,2,70,,15100,1,,,2,30,,15101,1,,,2,70,,15102,1,,,2,30,,15103,1,,,2,70,,15104,1,,,2,30,,15105,1,,,2,70,,15106,1,,,2,30,,15107,1,,,2,70,,15109,1,,,2,30,,15110,1,,,2,70,,15111,1,,,2,30,,15112,1,,,2,70,,15113,1,,,2,30,,15114,1,,,2,70,,15115,1,,,2,30,,15116,1,,,2,70,,15117,1,,,2,30,,15118,1,,,2,70,,15120,1,,,2,30,,15121,1,,,2
22000230019,'sam',0,,15128,1,,,2,804,,15129,1,,,2,30,,15130,1,,,2,70,,15141,1,,,2,30,,15142,1,,,2,70,,15143,1,,,2,30,,15144,1,,,2,70,,15145,1,,,2,30,,15146,1,,,2,70,,15147,1,,,2,30,,15148,1,,,2,70,,15131,1,,,2,30,,15132,1,,,2,70,,15133,1,,,2,30,,15134,1,,,2,70,,15135,1,,,2,30,,15136,1,,,2,70,,15137,1,,,2,30,,15138,1,,,2,70,,15139,1,,,2,30,,15140,1,,,2
