22000200019,'LN',3,,13899,2,4,,2,918,,13900,2,4,,2,30,,13901,2,4,,2,70,,13912,2,4,,2,30,,13921,2,4,,2,70,,13922,2,4,,2,30,,13923,2,4,,2,70,,13924,2,4,,2,30,,13925,2,4,,2,70,,13926,2,4,,2,30,,13927,2,4,,2,70,,13902,2,4,,2,30,,13903,2,4,,2,70,,13904,2,4,,2,30,,13905,2,4,,2,70,,13906,2,4,,2,30,,13907,2,4,,2,70,,13908,2,4,,2,30,,13909,2,4,,2,70,,13910,2,4,,2,30,,13911,2,4,,2,70,,13913,2,4,,2,30,,13914,2,4,,2,70,,13915,2,4,,2,30,,13916,2,4,,2,70,,13917,2,4,,2,30,,13918,2,4,,2,70,,13919,2,4,,2,30,,13920,2,4,,2
22000200019,'VNJA',3,,14102,2,4,,2,718,,14103,2,4,,2,30,,14104,2,4,,2,70,,14115,2,4,,2,30,,14118,2,4,,2,70,,14119,2,4,,2,30,,14120,2,4,,2,70,,14121,2,4,,2,30,,14122,2,4,,2,70,,14123,2,4,,2,30,,14124,2,4,,2,70,,14105,2,4,,2,30,,14106,2,4,,2,70,,14107,2,4,,2,30,,14108,2,4,,2,70,,14109,2,4,,2,30,,14110,2,4,,2,70,,14111,2,4,,2,30,,14112,2,4,,2,70,,14113,2,4,,2,30,,14114,2,4,,2,70,,14116,2,4,,2,30,,14117,2,4,,2
22000200019,'dim',3,,14263,2,4,,2,918,,14264,2,4,,2,30,,14265,2,4,,2,70,,14274,2,4,,2,30,,14275,2,4,,2,70,,14276,2,4,,2,30,,14277,2,4,,2,70,,14278,2,4,,2,30,,14279,2,4,,2,70,,14280,2,4,,2,30,,14281,2,4,,2,70,,14266,2,4,,2,30,,14267,2,4,,2,70,,14268,2,4,,2,30,,14269,2,4,,2,70,,14270,2,4,,2,30,,14271,2,4,,2,70,,14272,2,4,,2,30,,14273,2,4,,2
22000200019,'lun-ven',3,,14396,2,4,,2,718,,14397,2,4,,2,30,,14398,2,4,,2,70,,14409,2,4,,2,30,,14420,2,4,,2,70,,14423,2,4,,2,30,,14424,2,4,,2,70,,14425,2,4,,2,30,,14426,2,4,,2,70,,14427,2,4,,2,30,,14428,2,4,,2,70,,14399,2,4,,2,30,,14400,2,4,,2,70,,14401,2,4,,2,30,,14402,2,4,,2,70,,14403,2,4,,2,30,,14404,2,4,,2,70,,14405,2,4,,2,30,,14406,2,4,,2,70,,14407,2,4,,2,30,,14408,2,4,,2,70,,14410,2,4,,2,30,,14411,2,4,,2,70,,14412,2,4,,2,30,,14413,2,4,,2,70,,14414,2,4,,2,30,,14415,2,4,,2,70,,14416,2,4,,2,30,,14417,2,4,,2,70,,14418,2,4,,2,30,,14419,2,4,,2,70,,14421,2,4,,2,30,,14422,2,4,,2
22000200019,'sam',3,,14627,2,4,,2,818,,14628,2,4,,2,30,,14629,2,4,,2,70,,14640,2,4,,2,30,,14641,2,4,,2,70,,14642,2,4,,2,30,,14643,2,4,,2,70,,14644,2,4,,2,30,,14645,2,4,,2,70,,14646,2,4,,2,30,,14647,2,4,,2,70,,14630,2,4,,2,30,,14631,2,4,,2,70,,14632,2,4,,2,30,,14633,2,4,,2,70,,14634,2,4,,2,30,,14635,2,4,,2,70,,14636,2,4,,2,30,,14637,2,4,,2,70,,14638,2,4,,2,30,,14639,2,4,,2
22000210019,'LN',0,,14774,1,,,2,906,,14775,1,,,2,30,,14776,1,,,2,70,,14787,1,,,2,30,,14796,1,,,2,70,,14797,1,,,2,30,,14798,1,,,2,70,,14799,1,,,2,30,,14800,1,,,2,70,,14801,1,,,2,30,,14802,1,,,2,70,,14777,1,,,2,30,,14778,1,,,2,70,,14779,1,,,2,30,,14780,1,,,2,70,,14781,1,,,2,30,,14782,1,,,2,70,,14783,1,,,2,30,,14784,1,,,2,70,,14785,1,,,2,30,,14786,1,,,2,70,,14788,1,,,2,30,,14789,1,,,2,70,,14790,1,,,2,30,,14791,1,,,2,70,,14792,1,,,2,30,,14793,1,,,2,70,,14794,1,,,2,30,,14795,1,,,2
22000210019,'VNJA',0,,14803,1,,,2,706,,14804,1,,,2,30,,14805,1,,,2,70,,14816,1,,,2,30,,14819,1,,,2,70,,14820,1,,,2,30,,14821,1,,,2,70,,14822,1,,,2,30,,14823,1,,,2,70,,14824,1,,,2,30,,14825,1,,,2,70,,14806,1,,,2,30,,14807,1,,,2,70,,14808,1,,,2,30,,14809,1,,,2,70,,14810,1,,,2,30,,14811,1,,,2,70,,14812,1,,,2,30,,14813,1,,,2,70,,14814,1,,,2,30,,14815,1,,,2,70,,14817,1,,,2,30,,14818,1,,,2
22000210019,'dim',0,,14826,1,,,2,906,,14827,1,,,2,30,,14828,1,,,2,70,,14837,1,,,2,30,,14838,1,,,2,70,,14839,1,,,2,30,,14840,1,,,2,70,,14841,1,,,2,30,,14842,1,,,2,70,,14843,1,,,2,30,,14844,1,,,2,70,,14829,1,,,2,30,,14830,1,,,2,70,,14831,1,,,2,30,,14832,1,,,2,70,,14833,1,,,2,30,,14834,1,,,2,70,,14835,1,,,2,30,,14836,1,,,2
22000210019,'lun-ven',0,,14845,1,,,2,706,,14846,1,,,2,30,,14847,1,,,2,70,,14858,1,,,2,30,,14869,1,,,2,70,,14872,1,,,2,30,,14873,1,,,2,70,,14874,1,,,2,30,,14875,1,,,2,70,,14876,1,,,2,30,,14877,1,,,2,70,,14848,1,,,2,30,,14849,1,,,2,70,,14850,1,,,2,30,,14851,1,,,2,70,,14852,1,,,2,30,,14853,1,,,2,70,,14854,1,,,2,30,,14855,1,,,2,70,,14856,1,,,2,30,,14857,1,,,2,70,,14859,1,,,2,30,,14860,1,,,2,70,,14861,1,,,2,30,,14862,1,,,2,70,,14863,1,,,2,30,,14864,1,,,2,70,,14865,1,,,2,30,,14866,1,,,2,70,,14867,1,,,2,30,,14868,1,,,2,70,,14870,1,,,2,30,,14871,1,,,2
22000210019,'sam',0,,14878,1,,,2,806,,14879,1,,,2,30,,14880,1,,,2,70,,14891,1,,,2,30,,14892,1,,,2,70,,14893,1,,,2,30,,14894,1,,,2,70,,14895,1,,,2,30,,14896,1,,,2,70,,14897,1,,,2,30,,14898,1,,,2,70,,14881,1,,,2,30,,14882,1,,,2,70,,14883,1,,,2,30,,14884,1,,,2,70,,14885,1,,,2,30,,14886,1,,,2,70,,14887,1,,,2,30,,14888,1,,,2,70,,14889,1,,,2,30,,14890,1,,,2
