8019,'VNJA',6,,634,3,,,2,547,,628,3,,,2,70,,629,3,,,2,30,,630,3,,,2,70,,631,3,,,2,30,,632,3,,,2,70,,633,3,,,2,600,,635,3,,,2,30,,636,3,,,2,70,,637,3,,,2,30,,638,3,,,2,70,,639,3,,,2,30,,640,3,,,2
8019,'lun-ven',6,,655,3,,,2,547,,642,3,,,2,70,,643,3,,,2,30,,644,3,,,2,70,,645,3,,,2,30,,646,3,,,2,70,,647,3,,,2,600,,649,3,,,2,30,,650,3,,,2,70,,651,3,,,2,30,,652,3,,,2,70,,653,3,,,2,30,,654,3,,,2,570,,656,3,,,2,30,,657,3,,,2,70,,658,3,,,2,30,,659,3,,,2
7000100019,'LN',15,,4004,2,4,,2,913,,4005,2,4,,2,30,,4006,2,4,,2,70,,4017,2,4,,2,30,,4026,2,4,,2,70,,4027,2,4,,2,30,,4028,2,4,,2,70,,4029,2,4,,2,30,,4030,2,4,,2,70,,4031,2,4,,2,30,,4032,2,4,,2,70,,4007,2,4,,2,30,,4008,2,4,,2,70,,4009,2,4,,2,30,,4010,2,4,,2,70,,4011,2,4,,2,30,,4012,2,4,,2,70,,4013,2,4,,2,30,,4014,2,4,,2,70,,4015,2,4,,2,30,,4016,2,4,,2,70,,4018,2,4,,2,30,,4019,2,4,,2,70,,4020,2,4,,2,30,,4021,2,4,,2,70,,4022,2,4,,2,30,,4023,2,4,,2,70,,4024,2,4,,2,30,,4025,2,4,,2
7000100019,'VNJA',15,,4240,2,4,,2,713,,4241,2,4,,2,30,,4242,2,4,,2,70,,4253,2,4,,2,30,,4256,2,4,,2,70,,4257,2,4,,2,30,,4258,2,4,,2,70,,4259,2,4,,2,30,,4260,2,4,,2,70,,4261,2,4,,2,30,,4262,2,4,,2,70,,4243,2,4,,2,30,,4244,2,4,,2,70,,4245,2,4,,2,30,,4246,2,4,,2,70,,4247,2,4,,2,30,,4248,2,4,,2,70,,4249,2,4,,2,30,,4250,2,4,,2,70,,4251,2,4,,2,30,,4252,2,4,,2,70,,4254,2,4,,2,30,,4255,2,4,,2
7000100019,'dim',15,,4434,2,4,,2,913,,4435,2,4,,2,30,,4436,2,4,,2,70,,4445,2,4,,2,30,,4446,2,4,,2,70,,4447,2,4,,2,30,,4448,2,4,,2,70,,4449,2,4,,2,30,,4450,2,4,,2,70,,4451,2,4,,2,30,,4452,2,4,,2,70,,4437,2,4,,2,30,,4438,2,4,,2,70,,4439,2,4,,2,30,,4440,2,4,,2,70,,4441,2,4,,2,30,,4442,2,4,,2,70,,4443,2,4,,2,30,,4444,2,4,,2
7000100019,'lun-ven',15,,4750,2,4,,2,713,,4751,2,4,,2,30,,4752,2,4,,2,70,,4763,2,4,,2,30,,4774,2,4,,2,70,,4777,2,4,,2,30,,4778,2,4,,2,70,,4779,2,4,,2,30,,4780,2,4,,2,70,,4781,2,4,,2,30,,4782,2,4,,2,70,,4753,2,4,,2,30,,4754,2,4,,2,70,,4755,2,4,,2,30,,4756,2,4,,2,70,,4757,2,4,,2,30,,4758,2,4,,2,70,,4759,2,4,,2,30,,4760,2,4,,2,70,,4761,2,4,,2,30,,4762,2,4,,2,70,,4764,2,4,,2,30,,4765,2,4,,2,70,,4766,2,4,,2,30,,4767,2,4,,2,70,,4768,2,4,,2,30,,4769,2,4,,2,70,,4770,2,4,,2,30,,4771,2,4,,2,70,,4772,2,4,,2,30,,4773,2,4,,2,70,,4775,2,4,,2,30,,4776,2,4,,2
7000100019,'sam',15,,4972,2,4,,2,813,,4973,2,4,,2,30,,4974,2,4,,2,70,,4985,2,4,,2,30,,4986,2,4,,2,70,,4987,2,4,,2,30,,4988,2,4,,2,70,,4989,2,4,,2,30,,4990,2,4,,2,70,,4991,2,4,,2,30,,4992,2,4,,2,70,,4975,2,4,,2,30,,4976,2,4,,2,70,,4977,2,4,,2,30,,4978,2,4,,2,70,,4979,2,4,,2,30,,4980,2,4,,2,70,,4981,2,4,,2,30,,4982,2,4,,2,70,,4983,2,4,,2,30,,4984,2,4,,2
7000160019,'LN',0,,6163,1,,,2,852,,6164,1,,,2,70,,6165,1,,,2,30,,6176,1,,,2,70,,6186,1,,,2,30,,6187,1,,,2,70,,6188,1,,,2,30,,6189,1,,,2,70,,6190,1,,,2,30,,6191,1,,,2,70,,6192,1,,,2,30,,6166,1,,,2,70,,6167,1,,,2,30,,6168,1,,,2,70,,6169,1,,,2,30,,6170,1,,,2,70,,6171,1,,,2,30,,6172,1,,,2,70,,6173,1,,,2,30,,6174,1,,,2,70,,6175,1,,,2,30,,6177,1,,,2,70,,6178,1,,,2,30,,6179,1,,,2,70,,6180,1,,,2,30,,6181,1,,,2,70,,6182,1,,,2,30,,6183,1,,,2,70,,6184,1,,,2,30,,6185,1,,,2
7000160019,'VNJA',0,,6193,1,,,2,652,,6194,1,,,2,70,,6195,1,,,2,30,,6206,1,,,2,70,,6210,1,,,2,30,,6211,1,,,2,70,,6212,1,,,2,30,,6213,1,,,2,70,,6214,1,,,2,30,,6215,1,,,2,70,,6216,1,,,2,30,,6196,1,,,2,70,,6197,1,,,2,30,,6198,1,,,2,70,,6199,1,,,2,30,,6200,1,,,2,70,,6201,1,,,2,30,,6202,1,,,2,70,,6203,1,,,2,30,,6204,1,,,2,70,,6205,1,,,2,30,,6207,1,,,2,70,,6208,1,,,2,30,,6209,1,,,2
7000160019,'dim',0,,6217,1,,,2,852,,6218,1,,,2,70,,6219,1,,,2,30,,6229,1,,,2,70,,6230,1,,,2,30,,6231,1,,,2,70,,6232,1,,,2,30,,6233,1,,,2,70,,6234,1,,,2,30,,6235,1,,,2,70,,6236,1,,,2,30,,6220,1,,,2,70,,6221,1,,,2,30,,6222,1,,,2,70,,6223,1,,,2,30,,6224,1,,,2,70,,6225,1,,,2,30,,6226,1,,,2,70,,6227,1,,,2,30,,6228,1,,,2
7000160019,'lun-ven',0,,6237,1,,,2,652,,6238,1,,,2,70,,6239,1,,,2,30,,6250,1,,,2,70,,6261,1,,,2,30,,6265,1,,,2,70,,6266,1,,,2,30,,6267,1,,,2,70,,6268,1,,,2,30,,6269,1,,,2,70,,6270,1,,,2,30,,6240,1,,,2,70,,6241,1,,,2,30,,6242,1,,,2,70,,6243,1,,,2,30,,6244,1,,,2,70,,6245,1,,,2,30,,6246,1,,,2,70,,6247,1,,,2,30,,6248,1,,,2,70,,6249,1,,,2,30,,6251,1,,,2,70,,6252,1,,,2,30,,6253,1,,,2,70,,6254,1,,,2,30,,6255,1,,,2,70,,6256,1,,,2,30,,6257,1,,,2,70,,6258,1,,,2,30,,6259,1,,,2,70,,6260,1,,,2,30,,6262,1,,,2,70,,6263,1,,,2,30,,6264,1,,,2
7000160019,'sam',0,,6271,1,,,2,752,,6272,1,,,2,70,,6273,1,,,2,30,,6284,1,,,2,70,,6286,1,,,2,30,,6287,1,,,2,70,,6288,1,,,2,30,,6289,1,,,2,70,,6290,1,,,2,30,,6291,1,,,2,70,,6292,1,,,2,30,,6274,1,,,2,70,,6275,1,,,2,30,,6276,1,,,2,70,,6277,1,,,2,30,,6278,1,,,2,70,,6279,1,,,2,30,,6280,1,,,2,70,,6281,1,,,2,30,,6282,1,,,2,70,,6283,1,,,2,30,,6285,1,,,2
