2019,'LN',5,,122,3,,,2,900,,123,3,,,2,30,,124,3,,,2,70,,135,3,,,2,30,,145,3,,,2,70,,146,3,,,2,30,,147,3,,,2,70,,148,3,,,2,30,,149,3,,,2,70,,150,3,,,2,30,,151,3,,,2,70,,125,3,,,2,30,,126,3,,,2,70,,127,3,,,2,30,,128,3,,,2,70,,129,3,,,2,30,,130,3,,,2,70,,131,3,,,2,30,,132,3,,,2,70,,133,3,,,2,30,,134,3,,,2,70,,136,3,,,2,30,,137,3,,,2,70,,138,3,,,2,30,,139,3,,,2,70,,140,3,,,2,30,,141,3,,,2,70,,142,3,,,2,30,,143,3,,,2,70,,144,3,,,2
2019,'VNJA',5,,152,3,,,2,700,,153,3,,,2,30,,154,3,,,2,70,,165,3,,,2,30,,169,3,,,2,70,,170,3,,,2,30,,171,3,,,2,70,,172,3,,,2,30,,173,3,,,2,70,,174,3,,,2,30,,175,3,,,2,70,,155,3,,,2,30,,156,3,,,2,70,,157,3,,,2,30,,158,3,,,2,70,,159,3,,,2,30,,160,3,,,2,70,,161,3,,,2,30,,162,3,,,2,70,,163,3,,,2,30,,164,3,,,2,70,,166,3,,,2,30,,167,3,,,2,70,,168,3,,,2
2019,'dim',5,,176,3,,,2,900,,177,3,,,2,100,,178,3,,,2,100,,179,3,,,2,100,,180,3,,,2,100,,181,3,,,2,100,,182,3,,,2,100,,183,3,,,2,100,,184,3,,,2,100,,185,3,,,2,100,,186,3,,,2
2019,'lun-ven',5,,187,3,,,2,700,,188,3,,,2,30,,189,3,,,2,70,,200,3,,,2,30,,211,3,,,2,70,,215,3,,,2,30,,216,3,,,2,70,,217,3,,,2,30,,218,3,,,2,70,,219,3,,,2,30,,220,3,,,2,70,,190,3,,,2,30,,191,3,,,2,70,,192,3,,,2,30,,193,3,,,2,70,,194,3,,,2,30,,195,3,,,2,70,,196,3,,,2,30,,197,3,,,2,70,,198,3,,,2,30,,199,3,,,2,70,,201,3,,,2,30,,202,3,,,2,70,,203,3,,,2,30,,204,3,,,2,70,,205,3,,,2,30,,206,3,,,2,70,,207,3,,,2,30,,208,3,,,2,70,,209,3,,,2,30,,210,3,,,2,70,,212,3,,,2,30,,213,3,,,2,70,,214,3,,,2
2019,'sam',5,,221,3,,,2,800,,222,3,,,2,30,,223,3,,,2,70,,234,3,,,2,30,,236,3,,,2,70,,237,3,,,2,30,,238,3,,,2,70,,239,3,,,2,30,,240,3,,,2,70,,241,3,,,2,30,,242,3,,,2,70,,224,3,,,2,30,,225,3,,,2,70,,226,3,,,2,30,,227,3,,,2,70,,228,3,,,2,30,,229,3,,,2,70,,230,3,,,2,30,,231,3,,,2,70,,232,3,,,2,30,,233,3,,,2,70,,235,3,,,2
140005019,'LN',8,,670,8,,,2,900,,671,8,,,2,30,,672,8,,,2,70,,683,8,,,2,30,,693,8,,,2,70,,694,8,,,2,30,,695,8,,,2,70,,696,8,,,2,30,,697,8,,,2,70,,698,8,,,2,30,,699,8,,,2,70,,673,8,,,2,30,,674,8,,,2,70,,675,8,,,2,30,,676,8,,,2,70,,677,8,,,2,30,,678,8,,,2,70,,679,8,,,2,30,,680,8,,,2,70,,681,8,,,2,30,,682,8,,,2,70,,684,8,,,2,30,,685,8,,,2,70,,686,8,,,2,30,,687,8,,,2,70,,688,8,,,2,30,,689,8,,,2,70,,690,8,,,2,30,,691,8,,,2,70,,692,8,,,2
140005019,'VNJA',8,,700,8,,,2,530,,701,8,,,2,70,,702,8,,,2,30,,713,8,,,2,70,,720,8,,,2,30,,721,8,,,2,70,,722,8,,,2,30,,723,8,,,2,70,,724,8,,,2,30,,725,8,,,2,70,,726,8,,,2,30,,703,8,,,2,70,,704,8,,,2,30,,705,8,,,2,70,,706,8,,,2,30,,707,8,,,2,70,,708,8,,,2,30,,709,8,,,2,70,,710,8,,,2,30,,711,8,,,2,70,,712,8,,,2,30,,714,8,,,2,70,,715,8,,,2,30,,716,8,,,2,70,,717,8,,,2,30,,718,8,,,2,70,,719,8,,,2
140005019,'dim',8,,727,8,,,2,930,,728,8,,,2,100,,729,8,,,2,100,,730,8,,,2,100,,731,8,,,2,100,,732,8,,,2,100,,733,8,,,2,100,,734,8,,,2,100,,735,8,,,2,100,,736,8,,,2
140005019,'lun-ven',8,,737,8,,,2,530,,738,8,,,2,70,,739,8,,,2,30,,750,8,,,2,70,,761,8,,,2,30,,771,8,,,2,70,,772,8,,,2,30,,773,8,,,2,70,,774,8,,,2,30,,775,8,,,2,70,,776,8,,,2,30,,740,8,,,2,70,,741,8,,,2,30,,742,8,,,2,70,,743,8,,,2,30,,744,8,,,2,70,,745,8,,,2,30,,746,8,,,2,70,,747,8,,,2,30,,748,8,,,2,70,,749,8,,,2,30,,751,8,,,2,70,,752,8,,,2,30,,753,8,,,2,70,,754,8,,,2,30,,755,8,,,2,70,,756,8,,,2,30,,757,8,,,2,70,,758,8,,,2,30,,759,8,,,2,70,,760,8,,,2,30,,762,8,,,2,70,,763,8,,,2,30,,764,8,,,2,70,,765,8,,,2,30,,766,8,,,2,70,,767,8,,,2,30,,768,8,,,2,70,,769,8,,,2,30,,770,8,,,2
140005019,'sam',8,,777,8,,,2,800,,778,8,,,2,30,,779,8,,,2,70,,790,8,,,2,30,,792,8,,,2,70,,793,8,,,2,30,,794,8,,,2,70,,795,8,,,2,30,,796,8,,,2,70,,797,8,,,2,30,,798,8,,,2,70,,780,8,,,2,30,,781,8,,,2,70,,782,8,,,2,30,,783,8,,,2,70,,784,8,,,2,30,,785,8,,,2,70,,786,8,,,2,30,,787,8,,,2,70,,788,8,,,2,30,,789,8,,,2,70,,791,8,,,2
