3019,'LN',2,,243,5,,,2,900,,244,5,,,2,30,,245,5,,,2,70,,256,5,,,2,30,,266,5,,,2,70,,267,5,,,2,30,,268,5,,,2,70,,269,5,,,2,30,,270,5,,,2,70,,271,5,,,2,30,,272,5,,,2,70,,246,5,,,2,30,,247,5,,,2,70,,248,5,,,2,30,,249,5,,,2,70,,250,5,,,2,30,,251,5,,,2,70,,252,5,,,2,30,,253,5,,,2,70,,254,5,,,2,30,,255,5,,,2,70,,257,5,,,2,30,,258,5,,,2,70,,259,5,,,2,30,,260,5,,,2,70,,261,5,,,2,30,,262,5,,,2,70,,263,5,,,2,30,,264,5,,,2,70,,265,5,,,2
3019,'VNJA',2,,273,5,,,2,700,,274,5,,,2,30,,275,5,,,2,70,,286,5,,,2,30,,290,5,,,2,70,,291,5,,,2,30,,292,5,,,2,70,,293,5,,,2,30,,294,5,,,2,70,,295,5,,,2,30,,296,5,,,2,70,,276,5,,,2,30,,277,5,,,2,70,,278,5,,,2,30,,279,5,,,2,70,,280,5,,,2,30,,281,5,,,2,70,,282,5,,,2,30,,283,5,,,2,70,,284,5,,,2,30,,285,5,,,2,70,,287,5,,,2,30,,288,5,,,2,70,,289,5,,,2
3019,'dim',2,,297,5,,,2,930,,298,5,,,2,100,,299,5,,,2,100,,300,5,,,2,100,,301,5,,,2,100,,302,5,,,2,100,,303,5,,,2,100,,304,5,,,2,100,,305,5,,,2,100,,306,5,,,2
3019,'lun-ven',2,,307,5,,,2,700,,308,5,,,2,30,,309,5,,,2,70,,320,5,,,2,30,,331,5,,,2,70,,335,5,,,2,30,,336,5,,,2,70,,337,5,,,2,30,,338,5,,,2,70,,339,5,,,2,30,,340,5,,,2,70,,310,5,,,2,30,,311,5,,,2,70,,312,5,,,2,30,,313,5,,,2,70,,314,5,,,2,30,,315,5,,,2,70,,316,5,,,2,30,,317,5,,,2,70,,318,5,,,2,30,,319,5,,,2,70,,321,5,,,2,30,,322,5,,,2,70,,323,5,,,2,30,,324,5,,,2,70,,325,5,,,2,30,,326,5,,,2,70,,327,5,,,2,30,,328,5,,,2,70,,329,5,,,2,30,,330,5,,,2,70,,332,5,,,2,30,,333,5,,,2,70,,334,5,,,2
3019,'sam',2,,341,5,,,2,800,,342,5,,,2,30,,343,5,,,2,70,,354,5,,,2,30,,356,5,,,2,70,,357,5,,,2,30,,358,5,,,2,70,,359,5,,,2,30,,360,5,,,2,70,,361,5,,,2,30,,362,5,,,2,70,,344,5,,,2,30,,345,5,,,2,70,,346,5,,,2,30,,347,5,,,2,70,,348,5,,,2,30,,349,5,,,2,70,,350,5,,,2,30,,351,5,,,2,70,,352,5,,,2,30,,353,5,,,2,70,,355,5,,,2
6019,'LN',3,,473,3,,,2,900,,474,3,,,2,30,,475,3,,,2,70,,486,3,,,2,30,,496,3,,,2,70,,497,3,,,2,30,,498,3,,,2,70,,499,3,,,2,30,,500,3,,,2,70,,501,3,,,2,30,,502,3,,,2,70,,476,3,,,2,30,,477,3,,,2,70,,478,3,,,2,30,,479,3,,,2,70,,480,3,,,2,30,,481,3,,,2,70,,482,3,,,2,30,,483,3,,,2,70,,484,3,,,2,30,,485,3,,,2,70,,487,3,,,2,30,,488,3,,,2,70,,489,3,,,2,30,,490,3,,,2,70,,491,3,,,2,30,,492,3,,,2,70,,493,3,,,2,30,,494,3,,,2,70,,495,3,,,2
6019,'VNJA',3,,503,3,,,2,700,,504,3,,,2,30,,505,3,,,2,70,,516,3,,,2,30,,520,3,,,2,70,,521,3,,,2,30,,522,3,,,2,70,,523,3,,,2,30,,524,3,,,2,70,,525,3,,,2,30,,526,3,,,2,70,,506,3,,,2,30,,507,3,,,2,70,,508,3,,,2,30,,509,3,,,2,70,,510,3,,,2,30,,511,3,,,2,70,,512,3,,,2,30,,513,3,,,2,70,,514,3,,,2,30,,515,3,,,2,70,,517,3,,,2,30,,518,3,,,2,70,,519,3,,,2
6019,'dim',3,,527,3,,,2,900,,528,3,,,2,100,,529,3,,,2,100,,530,3,,,2,100,,531,3,,,2,100,,532,3,,,2,100,,533,3,,,2,100,,534,3,,,2,100,,535,3,,,2,100,,536,3,,,2,100,,537,3,,,2
6019,'lun-ven',3,,538,3,,,2,700,,539,3,,,2,30,,540,3,,,2,70,,551,3,,,2,30,,562,3,,,2,70,,566,3,,,2,30,,567,3,,,2,70,,568,3,,,2,30,,569,3,,,2,70,,570,3,,,2,30,,571,3,,,2,70,,541,3,,,2,30,,542,3,,,2,70,,543,3,,,2,30,,544,3,,,2,70,,545,3,,,2,30,,546,3,,,2,70,,547,3,,,2,30,,548,3,,,2,70,,549,3,,,2,30,,550,3,,,2,70,,552,3,,,2,30,,553,3,,,2,70,,554,3,,,2,30,,555,3,,,2,70,,556,3,,,2,30,,557,3,,,2,70,,558,3,,,2,30,,559,3,,,2,70,,560,3,,,2,30,,561,3,,,2,70,,563,3,,,2,30,,564,3,,,2,70,,565,3,,,2
6019,'sam',3,,572,3,,,2,800,,573,3,,,2,30,,574,3,,,2,70,,585,3,,,2,30,,587,3,,,2,70,,588,3,,,2,30,,589,3,,,2,70,,590,3,,,2,30,,591,3,,,2,70,,592,3,,,2,30,,593,3,,,2,70,,575,3,,,2,30,,576,3,,,2,70,,577,3,,,2,30,,578,3,,,2,70,,579,3,,,2,30,,580,3,,,2,70,,581,3,,,2,30,,582,3,,,2,70,,583,3,,,2,30,,584,3,,,2,70,,586,3,,,2
