190005019,'LN',12,,799,15,,,2,900,,800,15,,,2,30,,801,15,,,2,70,,812,15,,,2,30,,822,15,,,2,70,,823,15,,,2,30,,824,15,,,2,70,,825,15,,,2,30,,826,15,,,2,70,,827,15,,,2,30,,828,15,,,2,70,,802,15,,,2,30,,803,15,,,2,70,,804,15,,,2,30,,805,15,,,2,70,,806,15,,,2,30,,807,15,,,2,70,,808,15,,,2,30,,809,15,,,2,70,,810,15,,,2,30,,811,15,,,2,70,,813,15,,,2,30,,814,15,,,2,70,,815,15,,,2,30,,816,15,,,2,70,,817,15,,,2,30,,818,15,,,2,70,,819,15,,,2,30,,820,15,,,2,70,,821,15,,,2
190005019,'VNJA',12,,829,15,,,2,530,,830,15,,,2,70,,831,15,,,2,30,,842,15,,,2,70,,849,15,,,2,30,,850,15,,,2,70,,851,15,,,2,30,,852,15,,,2,70,,853,15,,,2,30,,854,15,,,2,70,,855,15,,,2,30,,832,15,,,2,70,,833,15,,,2,30,,834,15,,,2,70,,835,15,,,2,30,,836,15,,,2,70,,837,15,,,2,30,,838,15,,,2,70,,839,15,,,2,30,,840,15,,,2,70,,841,15,,,2,30,,843,15,,,2,70,,844,15,,,2,30,,845,15,,,2,70,,846,15,,,2,30,,847,15,,,2,70,,848,15,,,2
190005019,'dim',12,,856,15,,,2,900,,857,15,,,2,30,,858,15,,,2,70,,868,15,,,2,30,,869,15,,,2,70,,870,15,,,2,30,,871,15,,,2,70,,872,15,,,2,30,,873,15,,,2,70,,874,15,,,2,30,,875,15,,,2,70,,859,15,,,2,30,,860,15,,,2,70,,861,15,,,2,30,,862,15,,,2,70,,863,15,,,2,30,,864,15,,,2,70,,865,15,,,2,30,,866,15,,,2,70,,867,15,,,2
190005019,'lun-ven',12,,876,15,,,2,530,,877,15,,,2,70,,878,15,,,2,30,,889,15,,,2,70,,900,15,,,2,30,,910,15,,,2,70,,911,15,,,2,30,,912,15,,,2,70,,913,15,,,2,30,,914,15,,,2,70,,915,15,,,2,30,,879,15,,,2,70,,880,15,,,2,30,,881,15,,,2,70,,882,15,,,2,30,,883,15,,,2,70,,884,15,,,2,30,,885,15,,,2,70,,886,15,,,2,30,,887,15,,,2,70,,888,15,,,2,30,,890,15,,,2,70,,891,15,,,2,30,,892,15,,,2,70,,893,15,,,2,30,,894,15,,,2,70,,895,15,,,2,30,,896,15,,,2,70,,897,15,,,2,30,,898,15,,,2,70,,899,15,,,2,30,,901,15,,,2,70,,902,15,,,2,30,,903,15,,,2,70,,904,15,,,2,30,,905,15,,,2,70,,906,15,,,2,30,,907,15,,,2,70,,908,15,,,2,30,,909,15,,,2
190005019,'sam',12,,916,15,,,2,800,,917,15,,,2,30,,918,15,,,2,70,,929,15,,,2,30,,931,15,,,2,70,,932,15,,,2,30,,933,15,,,2,70,,934,15,,,2,30,,935,15,,,2,70,,936,15,,,2,30,,937,15,,,2,70,,919,15,,,2,30,,920,15,,,2,70,,921,15,,,2,30,,922,15,,,2,70,,923,15,,,2,30,,924,15,,,2,70,,925,15,,,2,30,,926,15,,,2,70,,927,15,,,2,30,,928,15,,,2,70,,930,15,,,2
13000600019,'LN',0,,9134,1,,,2,913,,9135,1,,,2,30,,9136,1,,,2,70,,9147,1,,,2,30,,9156,1,,,2,70,,9157,1,,,2,30,,9158,1,,,2,70,,9159,1,,,2,30,,9160,1,,,2,70,,9161,1,,,2,30,,9162,1,,,2,70,,9137,1,,,2,30,,9138,1,,,2,70,,9139,1,,,2,30,,9140,1,,,2,70,,9141,1,,,2,30,,9142,1,,,2,70,,9143,1,,,2,30,,9144,1,,,2,70,,9145,1,,,2,30,,9146,1,,,2,70,,9148,1,,,2,30,,9149,1,,,2,70,,9150,1,,,2,30,,9151,1,,,2,70,,9152,1,,,2,30,,9153,1,,,2,70,,9154,1,,,2,30,,9155,1,,,2
13000600019,'VNJA',0,,9209,1,,,2,713,,9210,1,,,2,30,,9211,1,,,2,70,,9222,1,,,2,30,,9225,1,,,2,70,,9226,1,,,2,30,,9227,1,,,2,70,,9228,1,,,2,30,,9229,1,,,2,70,,9230,1,,,2,30,,9231,1,,,2,70,,9212,1,,,2,30,,9213,1,,,2,70,,9214,1,,,2,30,,9215,1,,,2,70,,9216,1,,,2,30,,9217,1,,,2,70,,9218,1,,,2,30,,9219,1,,,2,70,,9220,1,,,2,30,,9221,1,,,2,70,,9223,1,,,2,30,,9224,1,,,2
13000600019,'dim',0,,9270,1,,,2,913,,9271,1,,,2,30,,9272,1,,,2,70,,9281,1,,,2,30,,9282,1,,,2,70,,9283,1,,,2,30,,9284,1,,,2,70,,9285,1,,,2,30,,9286,1,,,2,70,,9287,1,,,2,30,,9288,1,,,2,70,,9273,1,,,2,30,,9274,1,,,2,70,,9275,1,,,2,30,,9276,1,,,2,70,,9277,1,,,2,30,,9278,1,,,2,70,,9279,1,,,2,30,,9280,1,,,2
13000600019,'lun-ven',0,,9355,1,,,2,713,,9356,1,,,2,30,,9357,1,,,2,70,,9368,1,,,2,30,,9379,1,,,2,70,,9382,1,,,2,30,,9383,1,,,2,70,,9384,1,,,2,30,,9385,1,,,2,70,,9386,1,,,2,30,,9387,1,,,2,70,,9358,1,,,2,30,,9359,1,,,2,70,,9360,1,,,2,30,,9361,1,,,2,70,,9362,1,,,2,30,,9363,1,,,2,70,,9364,1,,,2,30,,9365,1,,,2,70,,9366,1,,,2,30,,9367,1,,,2,70,,9369,1,,,2,30,,9370,1,,,2,70,,9371,1,,,2,30,,9372,1,,,2,70,,9373,1,,,2,30,,9374,1,,,2,70,,9375,1,,,2,30,,9376,1,,,2,70,,9377,1,,,2,30,,9378,1,,,2,70,,9380,1,,,2,30,,9381,1,,,2
13000600019,'sam',0,,9430,1,,,2,813,,9431,1,,,2,30,,9432,1,,,2,70,,9443,1,,,2,30,,9444,1,,,2,70,,9445,1,,,2,30,,9446,1,,,2,70,,9447,1,,,2,30,,9448,1,,,2,70,,9449,1,,,2,30,,9450,1,,,2,70,,9433,1,,,2,30,,9434,1,,,2,70,,9435,1,,,2,30,,9436,1,,,2,70,,9437,1,,,2,30,,9438,1,,,2,70,,9439,1,,,2,30,,9440,1,,,2,70,,9441,1,,,2,30,,9442,1,,,2
13000630019,'LN',8,,9451,2,4,,2,902,,9452,2,4,,2,30,,9453,2,4,,2,70,,9464,2,4,,2,30,,9473,2,4,,2,70,,9474,2,4,,2,30,,9475,2,4,,2,70,,9476,2,4,,2,30,,9477,2,4,,2,70,,9478,2,4,,2,30,,9479,2,4,,2,70,,9454,2,4,,2,30,,9455,2,4,,2,70,,9456,2,4,,2,30,,9457,2,4,,2,70,,9458,2,4,,2,30,,9459,2,4,,2,70,,9460,2,4,,2,30,,9461,2,4,,2,70,,9462,2,4,,2,30,,9463,2,4,,2,70,,9465,2,4,,2,30,,9466,2,4,,2,70,,9467,2,4,,2,30,,9468,2,4,,2,70,,9469,2,4,,2,30,,9470,2,4,,2,70,,9471,2,4,,2,30,,9472,2,4,,2
13000630019,'VNJA',8,,9480,2,4,,2,702,,9481,2,4,,2,30,,9482,2,4,,2,70,,9493,2,4,,2,30,,9496,2,4,,2,70,,9497,2,4,,2,30,,9498,2,4,,2,70,,9499,2,4,,2,30,,9500,2,4,,2,70,,9501,2,4,,2,30,,9502,2,4,,2,70,,9483,2,4,,2,30,,9484,2,4,,2,70,,9485,2,4,,2,30,,9486,2,4,,2,70,,9487,2,4,,2,30,,9488,2,4,,2,70,,9489,2,4,,2,30,,9490,2,4,,2,70,,9491,2,4,,2,30,,9492,2,4,,2,70,,9494,2,4,,2,30,,9495,2,4,,2
13000630019,'dim',8,,9503,2,4,,2,902,,9504,2,4,,2,30,,9505,2,4,,2,70,,9514,2,4,,2,30,,9515,2,4,,2,70,,9516,2,4,,2,30,,9517,2,4,,2,70,,9518,2,4,,2,30,,9519,2,4,,2,70,,9520,2,4,,2,30,,9521,2,4,,2,70,,9506,2,4,,2,30,,9507,2,4,,2,70,,9508,2,4,,2,30,,9509,2,4,,2,70,,9510,2,4,,2,30,,9511,2,4,,2,70,,9512,2,4,,2,30,,9513,2,4,,2
13000630019,'lun-ven',8,,9522,2,4,,2,702,,9523,2,4,,2,30,,9524,2,4,,2,70,,9535,2,4,,2,30,,9546,2,4,,2,70,,9549,2,4,,2,30,,9550,2,4,,2,70,,9551,2,4,,2,30,,9552,2,4,,2,70,,9553,2,4,,2,30,,9554,2,4,,2,70,,9525,2,4,,2,30,,9526,2,4,,2,70,,9527,2,4,,2,30,,9528,2,4,,2,70,,9529,2,4,,2,30,,9530,2,4,,2,70,,9531,2,4,,2,30,,9532,2,4,,2,70,,9533,2,4,,2,30,,9534,2,4,,2,70,,9536,2,4,,2,30,,9537,2,4,,2,70,,9538,2,4,,2,30,,9539,2,4,,2,70,,9540,2,4,,2,30,,9541,2,4,,2,70,,9542,2,4,,2,30,,9543,2,4,,2,70,,9544,2,4,,2,30,,9545,2,4,,2,70,,9547,2,4,,2,30,,9548,2,4,,2
13000630019,'sam',8,,9555,2,4,,2,802,,9556,2,4,,2,30,,9557,2,4,,2,70,,9568,2,4,,2,30,,9569,2,4,,2,70,,9570,2,4,,2,30,,9571,2,4,,2,70,,9572,2,4,,2,30,,9573,2,4,,2,70,,9574,2,4,,2,30,,9575,2,4,,2,70,,9558,2,4,,2,30,,9559,2,4,,2,70,,9560,2,4,,2,30,,9561,2,4,,2,70,,9562,2,4,,2,30,,9563,2,4,,2,70,,9564,2,4,,2,30,,9565,2,4,,2,70,,9566,2,4,,2,30,,9567,2,4,,2
13000650019,'LN',7,,9576,2,4,,2,903,,9577,2,4,,2,30,,9578,2,4,,2,70,,9589,2,4,,2,30,,9598,2,4,,2,70,,9599,2,4,,2,30,,9600,2,4,,2,70,,9601,2,4,,2,30,,9602,2,4,,2,70,,9603,2,4,,2,30,,9604,2,4,,2,70,,9579,2,4,,2,30,,9580,2,4,,2,70,,9581,2,4,,2,30,,9582,2,4,,2,70,,9583,2,4,,2,30,,9584,2,4,,2,70,,9585,2,4,,2,30,,9586,2,4,,2,70,,9587,2,4,,2,30,,9588,2,4,,2,70,,9590,2,4,,2,30,,9591,2,4,,2,70,,9592,2,4,,2,30,,9593,2,4,,2,70,,9594,2,4,,2,30,,9595,2,4,,2,70,,9596,2,4,,2,30,,9597,2,4,,2
13000650019,'VNJA',7,,9605,2,4,,2,703,,9606,2,4,,2,30,,9607,2,4,,2,70,,9618,2,4,,2,30,,9621,2,4,,2,70,,9622,2,4,,2,30,,9623,2,4,,2,70,,9624,2,4,,2,30,,9625,2,4,,2,70,,9626,2,4,,2,30,,9627,2,4,,2,70,,9608,2,4,,2,30,,9609,2,4,,2,70,,9610,2,4,,2,30,,9611,2,4,,2,70,,9612,2,4,,2,30,,9613,2,4,,2,70,,9614,2,4,,2,30,,9615,2,4,,2,70,,9616,2,4,,2,30,,9617,2,4,,2,70,,9619,2,4,,2,30,,9620,2,4,,2
13000650019,'dim',7,,9628,2,4,,2,903,,9629,2,4,,2,30,,9630,2,4,,2,70,,9639,2,4,,2,30,,9640,2,4,,2,70,,9641,2,4,,2,30,,9642,2,4,,2,70,,9643,2,4,,2,30,,9644,2,4,,2,70,,9645,2,4,,2,30,,9646,2,4,,2,70,,9631,2,4,,2,30,,9632,2,4,,2,70,,9633,2,4,,2,30,,9634,2,4,,2,70,,9635,2,4,,2,30,,9636,2,4,,2,70,,9637,2,4,,2,30,,9638,2,4,,2
13000650019,'lun-ven',7,,9647,2,4,,2,703,,9648,2,4,,2,30,,9649,2,4,,2,70,,9660,2,4,,2,30,,9671,2,4,,2,70,,9674,2,4,,2,30,,9675,2,4,,2,70,,9676,2,4,,2,30,,9677,2,4,,2,70,,9678,2,4,,2,30,,9679,2,4,,2,70,,9650,2,4,,2,30,,9651,2,4,,2,70,,9652,2,4,,2,30,,9653,2,4,,2,70,,9654,2,4,,2,30,,9655,2,4,,2,70,,9656,2,4,,2,30,,9657,2,4,,2,70,,9658,2,4,,2,30,,9659,2,4,,2,70,,9661,2,4,,2,30,,9662,2,4,,2,70,,9663,2,4,,2,30,,9664,2,4,,2,70,,9665,2,4,,2,30,,9666,2,4,,2,70,,9667,2,4,,2,30,,9668,2,4,,2,70,,9669,2,4,,2,30,,9670,2,4,,2,70,,9672,2,4,,2,30,,9673,2,4,,2
13000650019,'sam',7,,9680,2,4,,2,803,,9681,2,4,,2,30,,9682,2,4,,2,70,,9693,2,4,,2,30,,9694,2,4,,2,70,,9695,2,4,,2,30,,9696,2,4,,2,70,,9697,2,4,,2,30,,9698,2,4,,2,70,,9699,2,4,,2,30,,9700,2,4,,2,70,,9683,2,4,,2,30,,9684,2,4,,2,70,,9685,2,4,,2,30,,9686,2,4,,2,70,,9687,2,4,,2,30,,9688,2,4,,2,70,,9689,2,4,,2,30,,9690,2,4,,2,70,,9691,2,4,,2,30,,9692,2,4,,2
13000680019,'LN',4,,9701,2,4,,2,906,,9702,2,4,,2,30,,9703,2,4,,2,70,,9714,2,4,,2,30,,9723,2,4,,2,70,,9724,2,4,,2,30,,9725,2,4,,2,70,,9726,2,4,,2,30,,9727,2,4,,2,70,,9728,2,4,,2,30,,9729,2,4,,2,70,,9704,2,4,,2,30,,9705,2,4,,2,70,,9706,2,4,,2,30,,9707,2,4,,2,70,,9708,2,4,,2,30,,9709,2,4,,2,70,,9710,2,4,,2,30,,9711,2,4,,2,70,,9712,2,4,,2,30,,9713,2,4,,2,70,,9715,2,4,,2,30,,9716,2,4,,2,70,,9717,2,4,,2,30,,9718,2,4,,2,70,,9719,2,4,,2,30,,9720,2,4,,2,70,,9721,2,4,,2,30,,9722,2,4,,2
13000680019,'VNJA',4,,9730,2,4,,2,706,,9731,2,4,,2,30,,9732,2,4,,2,70,,9743,2,4,,2,30,,9746,2,4,,2,70,,9747,2,4,,2,30,,9748,2,4,,2,70,,9749,2,4,,2,30,,9750,2,4,,2,70,,9751,2,4,,2,30,,9752,2,4,,2,70,,9733,2,4,,2,30,,9734,2,4,,2,70,,9735,2,4,,2,30,,9736,2,4,,2,70,,9737,2,4,,2,30,,9738,2,4,,2,70,,9739,2,4,,2,30,,9740,2,4,,2,70,,9741,2,4,,2,30,,9742,2,4,,2,70,,9744,2,4,,2,30,,9745,2,4,,2
13000680019,'dim',4,,9753,2,4,,2,906,,9754,2,4,,2,30,,9755,2,4,,2,70,,9764,2,4,,2,30,,9765,2,4,,2,70,,9766,2,4,,2,30,,9767,2,4,,2,70,,9768,2,4,,2,30,,9769,2,4,,2,70,,9770,2,4,,2,30,,9771,2,4,,2,70,,9756,2,4,,2,30,,9757,2,4,,2,70,,9758,2,4,,2,30,,9759,2,4,,2,70,,9760,2,4,,2,30,,9761,2,4,,2,70,,9762,2,4,,2,30,,9763,2,4,,2
13000680019,'lun-ven',4,,9772,2,4,,2,706,,9773,2,4,,2,30,,9774,2,4,,2,70,,9785,2,4,,2,30,,9796,2,4,,2,70,,9799,2,4,,2,30,,9800,2,4,,2,70,,9801,2,4,,2,30,,9802,2,4,,2,70,,9803,2,4,,2,30,,9804,2,4,,2,70,,9775,2,4,,2,30,,9776,2,4,,2,70,,9777,2,4,,2,30,,9778,2,4,,2,70,,9779,2,4,,2,30,,9780,2,4,,2,70,,9781,2,4,,2,30,,9782,2,4,,2,70,,9783,2,4,,2,30,,9784,2,4,,2,70,,9786,2,4,,2,30,,9787,2,4,,2,70,,9788,2,4,,2,30,,9789,2,4,,2,70,,9790,2,4,,2,30,,9791,2,4,,2,70,,9792,2,4,,2,30,,9793,2,4,,2,70,,9794,2,4,,2,30,,9795,2,4,,2,70,,9797,2,4,,2,30,,9798,2,4,,2
13000680019,'sam',4,,9805,2,4,,2,806,,9806,2,4,,2,30,,9807,2,4,,2,70,,9818,2,4,,2,30,,9819,2,4,,2,70,,9820,2,4,,2,30,,9821,2,4,,2,70,,9822,2,4,,2,30,,9823,2,4,,2,70,,9824,2,4,,2,30,,9825,2,4,,2,70,,9808,2,4,,2,30,,9809,2,4,,2,70,,9810,2,4,,2,30,,9811,2,4,,2,70,,9812,2,4,,2,30,,9813,2,4,,2,70,,9814,2,4,,2,30,,9815,2,4,,2,70,,9816,2,4,,2,30,,9817,2,4,,2
14000800019,'LN',0,,10203,1,,,2,913,,10204,1,,,2,30,,10205,1,,,2,70,,10216,1,,,2,30,,10225,1,,,2,70,,10226,1,,,2,30,,10227,1,,,2,70,,10228,1,,,2,30,,10229,1,,,2,70,,10230,1,,,2,30,,10231,1,,,2,70,,10206,1,,,2,30,,10207,1,,,2,70,,10208,1,,,2,30,,10209,1,,,2,70,,10210,1,,,2,30,,10211,1,,,2,70,,10212,1,,,2,30,,10213,1,,,2,70,,10214,1,,,2,30,,10215,1,,,2,70,,10217,1,,,2,30,,10218,1,,,2,70,,10219,1,,,2,30,,10220,1,,,2,70,,10221,1,,,2,30,,10222,1,,,2,70,,10223,1,,,2,30,,10224,1,,,2
14000800019,'VNJA',0,,10531,1,,,2,713,,10532,1,,,2,30,,10533,1,,,2,70,,10544,1,,,2,30,,10547,1,,,2,70,,10548,1,,,2,30,,10549,1,,,2,70,,10550,1,,,2,30,,10551,1,,,2,70,,10552,1,,,2,30,,10553,1,,,2,70,,10534,1,,,2,30,,10535,1,,,2,70,,10536,1,,,2,30,,10537,1,,,2,70,,10538,1,,,2,30,,10539,1,,,2,70,,10540,1,,,2,30,,10541,1,,,2,70,,10542,1,,,2,30,,10543,1,,,2,70,,10545,1,,,2,30,,10546,1,,,2
14000800019,'dim',0,,10801,1,,,2,913,,10802,1,,,2,30,,10803,1,,,2,70,,10812,1,,,2,30,,10813,1,,,2,70,,10814,1,,,2,30,,10815,1,,,2,70,,10816,1,,,2,30,,10817,1,,,2,70,,10818,1,,,2,30,,10819,1,,,2,70,,10804,1,,,2,30,,10805,1,,,2,70,,10806,1,,,2,30,,10807,1,,,2,70,,10808,1,,,2,30,,10809,1,,,2,70,,10810,1,,,2,30,,10811,1,,,2
14000800019,'lun-ven',0,,11249,1,,,2,713,,11250,1,,,2,30,,11251,1,,,2,70,,11262,1,,,2,30,,11273,1,,,2,70,,11276,1,,,2,30,,11277,1,,,2,70,,11278,1,,,2,30,,11279,1,,,2,70,,11280,1,,,2,30,,11281,1,,,2,70,,11252,1,,,2,30,,11253,1,,,2,70,,11254,1,,,2,30,,11255,1,,,2,70,,11256,1,,,2,30,,11257,1,,,2,70,,11258,1,,,2,30,,11259,1,,,2,70,,11260,1,,,2,30,,11261,1,,,2,70,,11263,1,,,2,30,,11264,1,,,2,70,,11265,1,,,2,30,,11266,1,,,2,70,,11267,1,,,2,30,,11268,1,,,2,70,,11269,1,,,2,30,,11270,1,,,2,70,,11271,1,,,2,30,,11272,1,,,2,70,,11274,1,,,2,30,,11275,1,,,2
14000800019,'sam',0,,11555,1,,,2,813,,11556,1,,,2,30,,11557,1,,,2,70,,11568,1,,,2,30,,11569,1,,,2,70,,11570,1,,,2,30,,11571,1,,,2,70,,11572,1,,,2,30,,11573,1,,,2,70,,11574,1,,,2,30,,11575,1,,,2,70,,11558,1,,,2,30,,11559,1,,,2,70,,11560,1,,,2,30,,11561,1,,,2,70,,11562,1,,,2,30,,11563,1,,,2,70,,11564,1,,,2,30,,11565,1,,,2,70,,11566,1,,,2,30,,11567,1,,,2
14000805019,'LN',15,,11576,2,4,,2,842,,11577,2,4,,2,70,,11578,2,4,,2,30,,11589,2,4,,2,70,,11599,2,4,,2,30,,11600,2,4,,2,70,,11601,2,4,,2,30,,11602,2,4,,2,70,,11603,2,4,,2,30,,11604,2,4,,2,70,,11605,2,4,,2,30,,11579,2,4,,2,70,,11580,2,4,,2,30,,11581,2,4,,2,70,,11582,2,4,,2,30,,11583,2,4,,2,70,,11584,2,4,,2,30,,11585,2,4,,2,70,,11586,2,4,,2,30,,11587,2,4,,2,70,,11588,2,4,,2,30,,11590,2,4,,2,70,,11591,2,4,,2,30,,11592,2,4,,2,70,,11593,2,4,,2,30,,11594,2,4,,2,70,,11595,2,4,,2,30,,11596,2,4,,2,70,,11597,2,4,,2,30,,11598,2,4,,2
14000805019,'VNJA',15,,11606,2,4,,2,642,,11607,2,4,,2,70,,11608,2,4,,2,30,,11619,2,4,,2,70,,11623,2,4,,2,30,,11624,2,4,,2,70,,11625,2,4,,2,30,,11626,2,4,,2,70,,11627,2,4,,2,30,,11628,2,4,,2,70,,11629,2,4,,2,30,,11609,2,4,,2,70,,11610,2,4,,2,30,,11611,2,4,,2,70,,11612,2,4,,2,30,,11613,2,4,,2,70,,11614,2,4,,2,30,,11615,2,4,,2,70,,11616,2,4,,2,30,,11617,2,4,,2,70,,11618,2,4,,2,30,,11620,2,4,,2,70,,11621,2,4,,2,30,,11622,2,4,,2
14000805019,'dim',15,,11630,2,4,,2,842,,11631,2,4,,2,70,,11632,2,4,,2,30,,11642,2,4,,2,70,,11643,2,4,,2,30,,11644,2,4,,2,70,,11645,2,4,,2,30,,11646,2,4,,2,70,,11647,2,4,,2,30,,11648,2,4,,2,70,,11649,2,4,,2,30,,11633,2,4,,2,70,,11634,2,4,,2,30,,11635,2,4,,2,70,,11636,2,4,,2,30,,11637,2,4,,2,70,,11638,2,4,,2,30,,11639,2,4,,2,70,,11640,2,4,,2,30,,11641,2,4,,2
14000805019,'lun-ven',15,,11650,2,4,,2,642,,11651,2,4,,2,70,,11652,2,4,,2,30,,11663,2,4,,2,70,,11674,2,4,,2,30,,11678,2,4,,2,70,,11679,2,4,,2,30,,11680,2,4,,2,70,,11681,2,4,,2,30,,11682,2,4,,2,70,,11683,2,4,,2,30,,11653,2,4,,2,70,,11654,2,4,,2,30,,11655,2,4,,2,70,,11656,2,4,,2,30,,11657,2,4,,2,70,,11658,2,4,,2,30,,11659,2,4,,2,70,,11660,2,4,,2,30,,11661,2,4,,2,70,,11662,2,4,,2,30,,11664,2,4,,2,70,,11665,2,4,,2,30,,11666,2,4,,2,70,,11667,2,4,,2,30,,11668,2,4,,2,70,,11669,2,4,,2,30,,11670,2,4,,2,70,,11671,2,4,,2,30,,11672,2,4,,2,70,,11673,2,4,,2,30,,11675,2,4,,2,70,,11676,2,4,,2,30,,11677,2,4,,2
14000805019,'sam',15,,11684,2,4,,2,742,,11685,2,4,,2,70,,11686,2,4,,2,30,,11697,2,4,,2,70,,11699,2,4,,2,30,,11700,2,4,,2,70,,11701,2,4,,2,30,,11702,2,4,,2,70,,11703,2,4,,2,30,,11704,2,4,,2,70,,11705,2,4,,2,30,,11687,2,4,,2,70,,11688,2,4,,2,30,,11689,2,4,,2,70,,11690,2,4,,2,30,,11691,2,4,,2,70,,11692,2,4,,2,30,,11693,2,4,,2,70,,11694,2,4,,2,30,,11695,2,4,,2,70,,11696,2,4,,2,30,,11698,2,4,,2
14000810019,'LN',15,,11706,2,4,,2,844,,11707,2,4,,2,70,,11708,2,4,,2,30,,11719,2,4,,2,70,,11729,2,4,,2,30,,11730,2,4,,2,70,,11731,2,4,,2,30,,11732,2,4,,2,70,,11733,2,4,,2,30,,11734,2,4,,2,70,,11735,2,4,,2,30,,11709,2,4,,2,70,,11710,2,4,,2,30,,11711,2,4,,2,70,,11712,2,4,,2,30,,11713,2,4,,2,70,,11714,2,4,,2,30,,11715,2,4,,2,70,,11716,2,4,,2,30,,11717,2,4,,2,70,,11718,2,4,,2,30,,11720,2,4,,2,70,,11721,2,4,,2,30,,11722,2,4,,2,70,,11723,2,4,,2,30,,11724,2,4,,2,70,,11725,2,4,,2,30,,11726,2,4,,2,70,,11727,2,4,,2,30,,11728,2,4,,2
14000810019,'VNJA',15,,11736,2,4,,2,644,,11737,2,4,,2,70,,11738,2,4,,2,30,,11749,2,4,,2,70,,11753,2,4,,2,30,,11754,2,4,,2,70,,11755,2,4,,2,30,,11756,2,4,,2,70,,11757,2,4,,2,30,,11758,2,4,,2,70,,11759,2,4,,2,30,,11739,2,4,,2,70,,11740,2,4,,2,30,,11741,2,4,,2,70,,11742,2,4,,2,30,,11743,2,4,,2,70,,11744,2,4,,2,30,,11745,2,4,,2,70,,11746,2,4,,2,30,,11747,2,4,,2,70,,11748,2,4,,2,30,,11750,2,4,,2,70,,11751,2,4,,2,30,,11752,2,4,,2
14000810019,'dim',15,,11760,2,4,,2,844,,11761,2,4,,2,70,,11762,2,4,,2,30,,11772,2,4,,2,70,,11773,2,4,,2,30,,11774,2,4,,2,70,,11775,2,4,,2,30,,11776,2,4,,2,70,,11777,2,4,,2,30,,11778,2,4,,2,70,,11779,2,4,,2,30,,11763,2,4,,2,70,,11764,2,4,,2,30,,11765,2,4,,2,70,,11766,2,4,,2,30,,11767,2,4,,2,70,,11768,2,4,,2,30,,11769,2,4,,2,70,,11770,2,4,,2,30,,11771,2,4,,2
14000810019,'lun-ven',15,,11780,2,4,,2,644,,11781,2,4,,2,70,,11782,2,4,,2,30,,11793,2,4,,2,70,,11804,2,4,,2,30,,11808,2,4,,2,70,,11809,2,4,,2,30,,11810,2,4,,2,70,,11811,2,4,,2,30,,11812,2,4,,2,70,,11813,2,4,,2,30,,11783,2,4,,2,70,,11784,2,4,,2,30,,11785,2,4,,2,70,,11786,2,4,,2,30,,11787,2,4,,2,70,,11788,2,4,,2,30,,11789,2,4,,2,70,,11790,2,4,,2,30,,11791,2,4,,2,70,,11792,2,4,,2,30,,11794,2,4,,2,70,,11795,2,4,,2,30,,11796,2,4,,2,70,,11797,2,4,,2,30,,11798,2,4,,2,70,,11799,2,4,,2,30,,11800,2,4,,2,70,,11801,2,4,,2,30,,11802,2,4,,2,70,,11803,2,4,,2,30,,11805,2,4,,2,70,,11806,2,4,,2,30,,11807,2,4,,2
14000810019,'sam',15,,11814,2,4,,2,744,,11815,2,4,,2,70,,11816,2,4,,2,30,,11827,2,4,,2,70,,11829,2,4,,2,30,,11830,2,4,,2,70,,11831,2,4,,2,30,,11832,2,4,,2,70,,11833,2,4,,2,30,,11834,2,4,,2,70,,11835,2,4,,2,30,,11817,2,4,,2,70,,11818,2,4,,2,30,,11819,2,4,,2,70,,11820,2,4,,2,30,,11821,2,4,,2,70,,11822,2,4,,2,30,,11823,2,4,,2,70,,11824,2,4,,2,30,,11825,2,4,,2,70,,11826,2,4,,2,30,,11828,2,4,,2
14000820019,'LN',15,,11836,2,4,,2,886,,11837,2,4,,2,30,,11838,2,4,,2,70,,11849,2,4,,2,30,,11859,2,4,,2,70,,11860,2,4,,2,30,,11861,2,4,,2,70,,11862,2,4,,2,30,,11863,2,4,,2,70,,11864,2,4,,2,30,,11865,2,4,,2,70,,11839,2,4,,2,30,,11840,2,4,,2,70,,11841,2,4,,2,30,,11842,2,4,,2,70,,11843,2,4,,2,30,,11844,2,4,,2,70,,11845,2,4,,2,30,,11846,2,4,,2,70,,11847,2,4,,2,30,,11848,2,4,,2,70,,11850,2,4,,2,30,,11851,2,4,,2,70,,11852,2,4,,2,30,,11853,2,4,,2,70,,11854,2,4,,2,30,,11855,2,4,,2,70,,11856,2,4,,2,30,,11857,2,4,,2,70,,11858,2,4,,2
14000820019,'VNJA',15,,11866,2,4,,2,686,,11867,2,4,,2,30,,11868,2,4,,2,70,,11879,2,4,,2,30,,11883,2,4,,2,70,,11884,2,4,,2,30,,11885,2,4,,2,70,,11886,2,4,,2,30,,11887,2,4,,2,70,,11888,2,4,,2,30,,11889,2,4,,2,70,,11869,2,4,,2,30,,11870,2,4,,2,70,,11871,2,4,,2,30,,11872,2,4,,2,70,,11873,2,4,,2,30,,11874,2,4,,2,70,,11875,2,4,,2,30,,11876,2,4,,2,70,,11877,2,4,,2,30,,11878,2,4,,2,70,,11880,2,4,,2,30,,11881,2,4,,2,70,,11882,2,4,,2
14000820019,'dim',15,,11890,2,4,,2,886,,11891,2,4,,2,30,,11892,2,4,,2,70,,11902,2,4,,2,30,,11903,2,4,,2,70,,11904,2,4,,2,30,,11905,2,4,,2,70,,11906,2,4,,2,30,,11907,2,4,,2,70,,11908,2,4,,2,30,,11909,2,4,,2,70,,11893,2,4,,2,30,,11894,2,4,,2,70,,11895,2,4,,2,30,,11896,2,4,,2,70,,11897,2,4,,2,30,,11898,2,4,,2,70,,11899,2,4,,2,30,,11900,2,4,,2,70,,11901,2,4,,2
14000820019,'lun-ven',15,,11910,2,4,,2,686,,11911,2,4,,2,30,,11912,2,4,,2,70,,11923,2,4,,2,30,,11934,2,4,,2,70,,11938,2,4,,2,30,,11939,2,4,,2,70,,11940,2,4,,2,30,,11941,2,4,,2,70,,11942,2,4,,2,30,,11943,2,4,,2,70,,11913,2,4,,2,30,,11914,2,4,,2,70,,11915,2,4,,2,30,,11916,2,4,,2,70,,11917,2,4,,2,30,,11918,2,4,,2,70,,11919,2,4,,2,30,,11920,2,4,,2,70,,11921,2,4,,2,30,,11922,2,4,,2,70,,11924,2,4,,2,30,,11925,2,4,,2,70,,11926,2,4,,2,30,,11927,2,4,,2,70,,11928,2,4,,2,30,,11929,2,4,,2,70,,11930,2,4,,2,30,,11931,2,4,,2,70,,11932,2,4,,2,30,,11933,2,4,,2,70,,11935,2,4,,2,30,,11936,2,4,,2,70,,11937,2,4,,2
14000820019,'sam',15,,11944,2,4,,2,786,,11945,2,4,,2,30,,11946,2,4,,2,70,,11957,2,4,,2,30,,11959,2,4,,2,70,,11960,2,4,,2,30,,11961,2,4,,2,70,,11962,2,4,,2,30,,11963,2,4,,2,70,,11964,2,4,,2,30,,11965,2,4,,2,70,,11947,2,4,,2,30,,11948,2,4,,2,70,,11949,2,4,,2,30,,11950,2,4,,2,70,,11951,2,4,,2,30,,11952,2,4,,2,70,,11953,2,4,,2,30,,11954,2,4,,2,70,,11955,2,4,,2,30,,11956,2,4,,2,70,,11958,2,4,,2
14000830019,'LN',15,,11966,2,4,,2,888,,11967,2,4,,2,30,,11968,2,4,,2,70,,11979,2,4,,2,30,,11989,2,4,,2,70,,11990,2,4,,2,30,,11991,2,4,,2,70,,11992,2,4,,2,30,,11993,2,4,,2,70,,11994,2,4,,2,30,,11995,2,4,,2,70,,11969,2,4,,2,30,,11970,2,4,,2,70,,11971,2,4,,2,30,,11972,2,4,,2,70,,11973,2,4,,2,30,,11974,2,4,,2,70,,11975,2,4,,2,30,,11976,2,4,,2,70,,11977,2,4,,2,30,,11978,2,4,,2,70,,11980,2,4,,2,30,,11981,2,4,,2,70,,11982,2,4,,2,30,,11983,2,4,,2,70,,11984,2,4,,2,30,,11985,2,4,,2,70,,11986,2,4,,2,30,,11987,2,4,,2,70,,11988,2,4,,2
14000830019,'VNJA',15,,11996,2,4,,2,688,,11997,2,4,,2,30,,11998,2,4,,2,70,,12009,2,4,,2,30,,12013,2,4,,2,70,,12014,2,4,,2,30,,12015,2,4,,2,70,,12016,2,4,,2,30,,12017,2,4,,2,70,,12018,2,4,,2,30,,12019,2,4,,2,70,,11999,2,4,,2,30,,12000,2,4,,2,70,,12001,2,4,,2,30,,12002,2,4,,2,70,,12003,2,4,,2,30,,12004,2,4,,2,70,,12005,2,4,,2,30,,12006,2,4,,2,70,,12007,2,4,,2,30,,12008,2,4,,2,70,,12010,2,4,,2,30,,12011,2,4,,2,70,,12012,2,4,,2
14000830019,'dim',15,,12020,2,4,,2,888,,12021,2,4,,2,30,,12022,2,4,,2,70,,12032,2,4,,2,30,,12033,2,4,,2,70,,12034,2,4,,2,30,,12035,2,4,,2,70,,12036,2,4,,2,30,,12037,2,4,,2,70,,12038,2,4,,2,30,,12039,2,4,,2,70,,12023,2,4,,2,30,,12024,2,4,,2,70,,12025,2,4,,2,30,,12026,2,4,,2,70,,12027,2,4,,2,30,,12028,2,4,,2,70,,12029,2,4,,2,30,,12030,2,4,,2,70,,12031,2,4,,2
14000830019,'lun-ven',15,,12040,2,4,,2,688,,12041,2,4,,2,30,,12042,2,4,,2,70,,12053,2,4,,2,30,,12064,2,4,,2,70,,12068,2,4,,2,30,,12069,2,4,,2,70,,12070,2,4,,2,30,,12071,2,4,,2,70,,12072,2,4,,2,30,,12073,2,4,,2,70,,12043,2,4,,2,30,,12044,2,4,,2,70,,12045,2,4,,2,30,,12046,2,4,,2,70,,12047,2,4,,2,30,,12048,2,4,,2,70,,12049,2,4,,2,30,,12050,2,4,,2,70,,12051,2,4,,2,30,,12052,2,4,,2,70,,12054,2,4,,2,30,,12055,2,4,,2,70,,12056,2,4,,2,30,,12057,2,4,,2,70,,12058,2,4,,2,30,,12059,2,4,,2,70,,12060,2,4,,2,30,,12061,2,4,,2,70,,12062,2,4,,2,30,,12063,2,4,,2,70,,12065,2,4,,2,30,,12066,2,4,,2,70,,12067,2,4,,2
14000830019,'sam',15,,12074,2,4,,2,788,,12075,2,4,,2,30,,12076,2,4,,2,70,,12087,2,4,,2,30,,12089,2,4,,2,70,,12090,2,4,,2,30,,12091,2,4,,2,70,,12092,2,4,,2,30,,12093,2,4,,2,70,,12094,2,4,,2,30,,12095,2,4,,2,70,,12077,2,4,,2,30,,12078,2,4,,2,70,,12079,2,4,,2,30,,12080,2,4,,2,70,,12081,2,4,,2,30,,12082,2,4,,2,70,,12083,2,4,,2,30,,12084,2,4,,2,70,,12085,2,4,,2,30,,12086,2,4,,2,70,,12088,2,4,,2
14000840019,'LN',15,,12096,2,4,,2,890,,12097,2,4,,2,30,,12098,2,4,,2,70,,12109,2,4,,2,30,,12119,2,4,,2,70,,12120,2,4,,2,30,,12121,2,4,,2,70,,12122,2,4,,2,30,,12123,2,4,,2,70,,12124,2,4,,2,30,,12125,2,4,,2,70,,12099,2,4,,2,30,,12100,2,4,,2,70,,12101,2,4,,2,30,,12102,2,4,,2,70,,12103,2,4,,2,30,,12104,2,4,,2,70,,12105,2,4,,2,30,,12106,2,4,,2,70,,12107,2,4,,2,30,,12108,2,4,,2,70,,12110,2,4,,2,30,,12111,2,4,,2,70,,12112,2,4,,2,30,,12113,2,4,,2,70,,12114,2,4,,2,30,,12115,2,4,,2,70,,12116,2,4,,2,30,,12117,2,4,,2,70,,12118,2,4,,2
14000840019,'VNJA',15,,12126,2,4,,2,690,,12127,2,4,,2,30,,12128,2,4,,2,70,,12139,2,4,,2,30,,12143,2,4,,2,70,,12144,2,4,,2,30,,12145,2,4,,2,70,,12146,2,4,,2,30,,12147,2,4,,2,70,,12148,2,4,,2,30,,12149,2,4,,2,70,,12129,2,4,,2,30,,12130,2,4,,2,70,,12131,2,4,,2,30,,12132,2,4,,2,70,,12133,2,4,,2,30,,12134,2,4,,2,70,,12135,2,4,,2,30,,12136,2,4,,2,70,,12137,2,4,,2,30,,12138,2,4,,2,70,,12140,2,4,,2,30,,12141,2,4,,2,70,,12142,2,4,,2
14000840019,'dim',15,,12150,2,4,,2,890,,12151,2,4,,2,30,,12152,2,4,,2,70,,12162,2,4,,2,30,,12163,2,4,,2,70,,12164,2,4,,2,30,,12165,2,4,,2,70,,12166,2,4,,2,30,,12167,2,4,,2,70,,12168,2,4,,2,30,,12169,2,4,,2,70,,12153,2,4,,2,30,,12154,2,4,,2,70,,12155,2,4,,2,30,,12156,2,4,,2,70,,12157,2,4,,2,30,,12158,2,4,,2,70,,12159,2,4,,2,30,,12160,2,4,,2,70,,12161,2,4,,2
14000840019,'lun-ven',15,,12170,2,4,,2,690,,12171,2,4,,2,30,,12172,2,4,,2,70,,12183,2,4,,2,30,,12194,2,4,,2,70,,12198,2,4,,2,30,,12199,2,4,,2,70,,12200,2,4,,2,30,,12201,2,4,,2,70,,12202,2,4,,2,30,,12203,2,4,,2,70,,12173,2,4,,2,30,,12174,2,4,,2,70,,12175,2,4,,2,30,,12176,2,4,,2,70,,12177,2,4,,2,30,,12178,2,4,,2,70,,12179,2,4,,2,30,,12180,2,4,,2,70,,12181,2,4,,2,30,,12182,2,4,,2,70,,12184,2,4,,2,30,,12185,2,4,,2,70,,12186,2,4,,2,30,,12187,2,4,,2,70,,12188,2,4,,2,30,,12189,2,4,,2,70,,12190,2,4,,2,30,,12191,2,4,,2,70,,12192,2,4,,2,30,,12193,2,4,,2,70,,12195,2,4,,2,30,,12196,2,4,,2,70,,12197,2,4,,2
14000840019,'sam',15,,12204,2,4,,2,790,,12205,2,4,,2,30,,12206,2,4,,2,70,,12217,2,4,,2,30,,12219,2,4,,2,70,,12220,2,4,,2,30,,12221,2,4,,2,70,,12222,2,4,,2,30,,12223,2,4,,2,70,,12224,2,4,,2,30,,12225,2,4,,2,70,,12207,2,4,,2,30,,12208,2,4,,2,70,,12209,2,4,,2,30,,12210,2,4,,2,70,,12211,2,4,,2,30,,12212,2,4,,2,70,,12213,2,4,,2,30,,12214,2,4,,2,70,,12215,2,4,,2,30,,12216,2,4,,2,70,,12218,2,4,,2
14000850019,'LN',15,,12226,2,4,,2,892,,12227,2,4,,2,30,,12228,2,4,,2,70,,12239,2,4,,2,30,,12249,2,4,,2,70,,12250,2,4,,2,30,,12251,2,4,,2,70,,12252,2,4,,2,30,,12253,2,4,,2,70,,12254,2,4,,2,30,,12255,2,4,,2,70,,12229,2,4,,2,30,,12230,2,4,,2,70,,12231,2,4,,2,30,,12232,2,4,,2,70,,12233,2,4,,2,30,,12234,2,4,,2,70,,12235,2,4,,2,30,,12236,2,4,,2,70,,12237,2,4,,2,30,,12238,2,4,,2,70,,12240,2,4,,2,30,,12241,2,4,,2,70,,12242,2,4,,2,30,,12243,2,4,,2,70,,12244,2,4,,2,30,,12245,2,4,,2,70,,12246,2,4,,2,30,,12247,2,4,,2,70,,12248,2,4,,2
14000850019,'VNJA',15,,12256,2,4,,2,692,,12257,2,4,,2,30,,12258,2,4,,2,70,,12269,2,4,,2,30,,12273,2,4,,2,70,,12274,2,4,,2,30,,12275,2,4,,2,70,,12276,2,4,,2,30,,12277,2,4,,2,70,,12278,2,4,,2,30,,12279,2,4,,2,70,,12259,2,4,,2,30,,12260,2,4,,2,70,,12261,2,4,,2,30,,12262,2,4,,2,70,,12263,2,4,,2,30,,12264,2,4,,2,70,,12265,2,4,,2,30,,12266,2,4,,2,70,,12267,2,4,,2,30,,12268,2,4,,2,70,,12270,2,4,,2,30,,12271,2,4,,2,70,,12272,2,4,,2
14000850019,'dim',15,,12280,2,4,,2,892,,12281,2,4,,2,30,,12282,2,4,,2,70,,12292,2,4,,2,30,,12293,2,4,,2,70,,12294,2,4,,2,30,,12295,2,4,,2,70,,12296,2,4,,2,30,,12297,2,4,,2,70,,12298,2,4,,2,30,,12299,2,4,,2,70,,12283,2,4,,2,30,,12284,2,4,,2,70,,12285,2,4,,2,30,,12286,2,4,,2,70,,12287,2,4,,2,30,,12288,2,4,,2,70,,12289,2,4,,2,30,,12290,2,4,,2,70,,12291,2,4,,2
14000850019,'lun-ven',15,,12300,2,4,,2,692,,12301,2,4,,2,30,,12302,2,4,,2,70,,12313,2,4,,2,30,,12324,2,4,,2,70,,12328,2,4,,2,30,,12329,2,4,,2,70,,12330,2,4,,2,30,,12331,2,4,,2,70,,12332,2,4,,2,30,,12333,2,4,,2,70,,12303,2,4,,2,30,,12304,2,4,,2,70,,12305,2,4,,2,30,,12306,2,4,,2,70,,12307,2,4,,2,30,,12308,2,4,,2,70,,12309,2,4,,2,30,,12310,2,4,,2,70,,12311,2,4,,2,30,,12312,2,4,,2,70,,12314,2,4,,2,30,,12315,2,4,,2,70,,12316,2,4,,2,30,,12317,2,4,,2,70,,12318,2,4,,2,30,,12319,2,4,,2,70,,12320,2,4,,2,30,,12321,2,4,,2,70,,12322,2,4,,2,30,,12323,2,4,,2,70,,12325,2,4,,2,30,,12326,2,4,,2,70,,12327,2,4,,2
14000850019,'sam',15,,12334,2,4,,2,792,,12335,2,4,,2,30,,12336,2,4,,2,70,,12347,2,4,,2,30,,12349,2,4,,2,70,,12350,2,4,,2,30,,12351,2,4,,2,70,,12352,2,4,,2,30,,12353,2,4,,2,70,,12354,2,4,,2,30,,12355,2,4,,2,70,,12337,2,4,,2,30,,12338,2,4,,2,70,,12339,2,4,,2,30,,12340,2,4,,2,70,,12341,2,4,,2,30,,12342,2,4,,2,70,,12343,2,4,,2,30,,12344,2,4,,2,70,,12345,2,4,,2,30,,12346,2,4,,2,70,,12348,2,4,,2
14000860019,'LN',15,,12356,2,4,,2,894,,12357,2,4,,2,30,,12358,2,4,,2,70,,12369,2,4,,2,30,,12379,2,4,,2,70,,12380,2,4,,2,30,,12381,2,4,,2,70,,12382,2,4,,2,30,,12383,2,4,,2,70,,12384,2,4,,2,30,,12385,2,4,,2,70,,12359,2,4,,2,30,,12360,2,4,,2,70,,12361,2,4,,2,30,,12362,2,4,,2,70,,12363,2,4,,2,30,,12364,2,4,,2,70,,12365,2,4,,2,30,,12366,2,4,,2,70,,12367,2,4,,2,30,,12368,2,4,,2,70,,12370,2,4,,2,30,,12371,2,4,,2,70,,12372,2,4,,2,30,,12373,2,4,,2,70,,12374,2,4,,2,30,,12375,2,4,,2,70,,12376,2,4,,2,30,,12377,2,4,,2,70,,12378,2,4,,2
14000860019,'VNJA',15,,12386,2,4,,2,694,,12387,2,4,,2,30,,12388,2,4,,2,70,,12399,2,4,,2,30,,12403,2,4,,2,70,,12404,2,4,,2,30,,12405,2,4,,2,70,,12406,2,4,,2,30,,12407,2,4,,2,70,,12408,2,4,,2,30,,12409,2,4,,2,70,,12389,2,4,,2,30,,12390,2,4,,2,70,,12391,2,4,,2,30,,12392,2,4,,2,70,,12393,2,4,,2,30,,12394,2,4,,2,70,,12395,2,4,,2,30,,12396,2,4,,2,70,,12397,2,4,,2,30,,12398,2,4,,2,70,,12400,2,4,,2,30,,12401,2,4,,2,70,,12402,2,4,,2
14000860019,'dim',15,,12410,2,4,,2,894,,12411,2,4,,2,30,,12412,2,4,,2,70,,12422,2,4,,2,30,,12423,2,4,,2,70,,12424,2,4,,2,30,,12425,2,4,,2,70,,12426,2,4,,2,30,,12427,2,4,,2,70,,12428,2,4,,2,30,,12429,2,4,,2,70,,12413,2,4,,2,30,,12414,2,4,,2,70,,12415,2,4,,2,30,,12416,2,4,,2,70,,12417,2,4,,2,30,,12418,2,4,,2,70,,12419,2,4,,2,30,,12420,2,4,,2,70,,12421,2,4,,2
14000860019,'lun-ven',15,,12430,2,4,,2,694,,12431,2,4,,2,30,,12432,2,4,,2,70,,12443,2,4,,2,30,,12454,2,4,,2,70,,12458,2,4,,2,30,,12459,2,4,,2,70,,12460,2,4,,2,30,,12461,2,4,,2,70,,12462,2,4,,2,30,,12463,2,4,,2,70,,12433,2,4,,2,30,,12434,2,4,,2,70,,12435,2,4,,2,30,,12436,2,4,,2,70,,12437,2,4,,2,30,,12438,2,4,,2,70,,12439,2,4,,2,30,,12440,2,4,,2,70,,12441,2,4,,2,30,,12442,2,4,,2,70,,12444,2,4,,2,30,,12445,2,4,,2,70,,12446,2,4,,2,30,,12447,2,4,,2,70,,12448,2,4,,2,30,,12449,2,4,,2,70,,12450,2,4,,2,30,,12451,2,4,,2,70,,12452,2,4,,2,30,,12453,2,4,,2,70,,12455,2,4,,2,30,,12456,2,4,,2,70,,12457,2,4,,2
14000860019,'sam',15,,12464,2,4,,2,794,,12465,2,4,,2,30,,12466,2,4,,2,70,,12477,2,4,,2,30,,12479,2,4,,2,70,,12480,2,4,,2,30,,12481,2,4,,2,70,,12482,2,4,,2,30,,12483,2,4,,2,70,,12484,2,4,,2,30,,12485,2,4,,2,70,,12467,2,4,,2,30,,12468,2,4,,2,70,,12469,2,4,,2,30,,12470,2,4,,2,70,,12471,2,4,,2,30,,12472,2,4,,2,70,,12473,2,4,,2,30,,12474,2,4,,2,70,,12475,2,4,,2,30,,12476,2,4,,2,70,,12478,2,4,,2
14000875019,'LN',8,,12486,2,4,,2,902,,12487,2,4,,2,30,,12488,2,4,,2,70,,12499,2,4,,2,30,,12508,2,4,,2,70,,12509,2,4,,2,30,,12510,2,4,,2,70,,12511,2,4,,2,30,,12512,2,4,,2,70,,12513,2,4,,2,30,,12514,2,4,,2,70,,12489,2,4,,2,30,,12490,2,4,,2,70,,12491,2,4,,2,30,,12492,2,4,,2,70,,12493,2,4,,2,30,,12494,2,4,,2,70,,12495,2,4,,2,30,,12496,2,4,,2,70,,12497,2,4,,2,30,,12498,2,4,,2,70,,12500,2,4,,2,30,,12501,2,4,,2,70,,12502,2,4,,2,30,,12503,2,4,,2,70,,12504,2,4,,2,30,,12505,2,4,,2,70,,12506,2,4,,2,30,,12507,2,4,,2
14000875019,'VNJA',8,,12515,2,4,,2,702,,12516,2,4,,2,30,,12517,2,4,,2,70,,12528,2,4,,2,30,,12531,2,4,,2,70,,12532,2,4,,2,30,,12533,2,4,,2,70,,12534,2,4,,2,30,,12535,2,4,,2,70,,12536,2,4,,2,30,,12537,2,4,,2,70,,12518,2,4,,2,30,,12519,2,4,,2,70,,12520,2,4,,2,30,,12521,2,4,,2,70,,12522,2,4,,2,30,,12523,2,4,,2,70,,12524,2,4,,2,30,,12525,2,4,,2,70,,12526,2,4,,2,30,,12527,2,4,,2,70,,12529,2,4,,2,30,,12530,2,4,,2
14000875019,'dim',8,,12538,2,4,,2,902,,12539,2,4,,2,30,,12540,2,4,,2,70,,12549,2,4,,2,30,,12550,2,4,,2,70,,12551,2,4,,2,30,,12552,2,4,,2,70,,12553,2,4,,2,30,,12554,2,4,,2,70,,12555,2,4,,2,30,,12556,2,4,,2,70,,12541,2,4,,2,30,,12542,2,4,,2,70,,12543,2,4,,2,30,,12544,2,4,,2,70,,12545,2,4,,2,30,,12546,2,4,,2,70,,12547,2,4,,2,30,,12548,2,4,,2
14000875019,'lun-ven',8,,12557,2,4,,2,702,,12558,2,4,,2,30,,12559,2,4,,2,70,,12570,2,4,,2,30,,12581,2,4,,2,70,,12584,2,4,,2,30,,12585,2,4,,2,70,,12586,2,4,,2,30,,12587,2,4,,2,70,,12588,2,4,,2,30,,12589,2,4,,2,70,,12560,2,4,,2,30,,12561,2,4,,2,70,,12562,2,4,,2,30,,12563,2,4,,2,70,,12564,2,4,,2,30,,12565,2,4,,2,70,,12566,2,4,,2,30,,12567,2,4,,2,70,,12568,2,4,,2,30,,12569,2,4,,2,70,,12571,2,4,,2,30,,12572,2,4,,2,70,,12573,2,4,,2,30,,12574,2,4,,2,70,,12575,2,4,,2,30,,12576,2,4,,2,70,,12577,2,4,,2,30,,12578,2,4,,2,70,,12579,2,4,,2,30,,12580,2,4,,2,70,,12582,2,4,,2,30,,12583,2,4,,2
14000875019,'sam',8,,12590,2,4,,2,802,,12591,2,4,,2,30,,12592,2,4,,2,70,,12603,2,4,,2,30,,12604,2,4,,2,70,,12605,2,4,,2,30,,12606,2,4,,2,70,,12607,2,4,,2,30,,12608,2,4,,2,70,,12609,2,4,,2,30,,12610,2,4,,2,70,,12593,2,4,,2,30,,12594,2,4,,2,70,,12595,2,4,,2,30,,12596,2,4,,2,70,,12597,2,4,,2,30,,12598,2,4,,2,70,,12599,2,4,,2,30,,12600,2,4,,2,70,,12601,2,4,,2,30,,12602,2,4,,2
14000878019,'LN',12,,12611,2,4,,2,898,,12612,2,4,,2,30,,12613,2,4,,2,70,,12624,2,4,,2,30,,12634,2,4,,2,70,,12635,2,4,,2,30,,12636,2,4,,2,70,,12637,2,4,,2,30,,12638,2,4,,2,70,,12639,2,4,,2,30,,12640,2,4,,2,70,,12614,2,4,,2,30,,12615,2,4,,2,70,,12616,2,4,,2,30,,12617,2,4,,2,70,,12618,2,4,,2,30,,12619,2,4,,2,70,,12620,2,4,,2,30,,12621,2,4,,2,70,,12622,2,4,,2,30,,12623,2,4,,2,70,,12625,2,4,,2,30,,12626,2,4,,2,70,,12627,2,4,,2,30,,12628,2,4,,2,70,,12629,2,4,,2,30,,12630,2,4,,2,70,,12631,2,4,,2,30,,12632,2,4,,2,70,,12633,2,4,,2
14000878019,'VNJA',12,,12641,2,4,,2,698,,12642,2,4,,2,30,,12643,2,4,,2,70,,12654,2,4,,2,30,,12658,2,4,,2,70,,12659,2,4,,2,30,,12660,2,4,,2,70,,12661,2,4,,2,30,,12662,2,4,,2,70,,12663,2,4,,2,30,,12664,2,4,,2,70,,12644,2,4,,2,30,,12645,2,4,,2,70,,12646,2,4,,2,30,,12647,2,4,,2,70,,12648,2,4,,2,30,,12649,2,4,,2,70,,12650,2,4,,2,30,,12651,2,4,,2,70,,12652,2,4,,2,30,,12653,2,4,,2,70,,12655,2,4,,2,30,,12656,2,4,,2,70,,12657,2,4,,2
14000878019,'dim',12,,12665,2,4,,2,898,,12666,2,4,,2,30,,12667,2,4,,2,70,,12677,2,4,,2,30,,12678,2,4,,2,70,,12679,2,4,,2,30,,12680,2,4,,2,70,,12681,2,4,,2,30,,12682,2,4,,2,70,,12683,2,4,,2,30,,12684,2,4,,2,70,,12668,2,4,,2,30,,12669,2,4,,2,70,,12670,2,4,,2,30,,12671,2,4,,2,70,,12672,2,4,,2,30,,12673,2,4,,2,70,,12674,2,4,,2,30,,12675,2,4,,2,70,,12676,2,4,,2
14000878019,'lun-ven',12,,12685,2,4,,2,698,,12686,2,4,,2,30,,12687,2,4,,2,70,,12698,2,4,,2,30,,12709,2,4,,2,70,,12713,2,4,,2,30,,12714,2,4,,2,70,,12715,2,4,,2,30,,12716,2,4,,2,70,,12717,2,4,,2,30,,12718,2,4,,2,70,,12688,2,4,,2,30,,12689,2,4,,2,70,,12690,2,4,,2,30,,12691,2,4,,2,70,,12692,2,4,,2,30,,12693,2,4,,2,70,,12694,2,4,,2,30,,12695,2,4,,2,70,,12696,2,4,,2,30,,12697,2,4,,2,70,,12699,2,4,,2,30,,12700,2,4,,2,70,,12701,2,4,,2,30,,12702,2,4,,2,70,,12703,2,4,,2,30,,12704,2,4,,2,70,,12705,2,4,,2,30,,12706,2,4,,2,70,,12707,2,4,,2,30,,12708,2,4,,2,70,,12710,2,4,,2,30,,12711,2,4,,2,70,,12712,2,4,,2
14000878019,'sam',12,,12719,2,4,,2,798,,12720,2,4,,2,30,,12721,2,4,,2,70,,12732,2,4,,2,30,,12734,2,4,,2,70,,12735,2,4,,2,30,,12736,2,4,,2,70,,12737,2,4,,2,30,,12738,2,4,,2,70,,12739,2,4,,2,30,,12740,2,4,,2,70,,12722,2,4,,2,30,,12723,2,4,,2,70,,12724,2,4,,2,30,,12725,2,4,,2,70,,12726,2,4,,2,30,,12727,2,4,,2,70,,12728,2,4,,2,30,,12729,2,4,,2,70,,12730,2,4,,2,30,,12731,2,4,,2,70,,12733,2,4,,2
14000880019,'LN',14,,12741,2,4,,2,896,,12742,2,4,,2,30,,12743,2,4,,2,70,,12754,2,4,,2,30,,12764,2,4,,2,70,,12765,2,4,,2,30,,12766,2,4,,2,70,,12767,2,4,,2,30,,12768,2,4,,2,70,,12769,2,4,,2,30,,12770,2,4,,2,70,,12744,2,4,,2,30,,12745,2,4,,2,70,,12746,2,4,,2,30,,12747,2,4,,2,70,,12748,2,4,,2,30,,12749,2,4,,2,70,,12750,2,4,,2,30,,12751,2,4,,2,70,,12752,2,4,,2,30,,12753,2,4,,2,70,,12755,2,4,,2,30,,12756,2,4,,2,70,,12757,2,4,,2,30,,12758,2,4,,2,70,,12759,2,4,,2,30,,12760,2,4,,2,70,,12761,2,4,,2,30,,12762,2,4,,2,70,,12763,2,4,,2
14000880019,'VNJA',14,,12771,2,4,,2,696,,12772,2,4,,2,30,,12773,2,4,,2,70,,12784,2,4,,2,30,,12788,2,4,,2,70,,12789,2,4,,2,30,,12790,2,4,,2,70,,12791,2,4,,2,30,,12792,2,4,,2,70,,12793,2,4,,2,30,,12794,2,4,,2,70,,12774,2,4,,2,30,,12775,2,4,,2,70,,12776,2,4,,2,30,,12777,2,4,,2,70,,12778,2,4,,2,30,,12779,2,4,,2,70,,12780,2,4,,2,30,,12781,2,4,,2,70,,12782,2,4,,2,30,,12783,2,4,,2,70,,12785,2,4,,2,30,,12786,2,4,,2,70,,12787,2,4,,2
14000880019,'dim',14,,12795,2,4,,2,896,,12796,2,4,,2,30,,12797,2,4,,2,70,,12807,2,4,,2,30,,12808,2,4,,2,70,,12809,2,4,,2,30,,12810,2,4,,2,70,,12811,2,4,,2,30,,12812,2,4,,2,70,,12813,2,4,,2,30,,12814,2,4,,2,70,,12798,2,4,,2,30,,12799,2,4,,2,70,,12800,2,4,,2,30,,12801,2,4,,2,70,,12802,2,4,,2,30,,12803,2,4,,2,70,,12804,2,4,,2,30,,12805,2,4,,2,70,,12806,2,4,,2
14000880019,'lun-ven',14,,12815,2,4,,2,696,,12816,2,4,,2,30,,12817,2,4,,2,70,,12828,2,4,,2,30,,12839,2,4,,2,70,,12843,2,4,,2,30,,12844,2,4,,2,70,,12845,2,4,,2,30,,12846,2,4,,2,70,,12847,2,4,,2,30,,12848,2,4,,2,70,,12818,2,4,,2,30,,12819,2,4,,2,70,,12820,2,4,,2,30,,12821,2,4,,2,70,,12822,2,4,,2,30,,12823,2,4,,2,70,,12824,2,4,,2,30,,12825,2,4,,2,70,,12826,2,4,,2,30,,12827,2,4,,2,70,,12829,2,4,,2,30,,12830,2,4,,2,70,,12831,2,4,,2,30,,12832,2,4,,2,70,,12833,2,4,,2,30,,12834,2,4,,2,70,,12835,2,4,,2,30,,12836,2,4,,2,70,,12837,2,4,,2,30,,12838,2,4,,2,70,,12840,2,4,,2,30,,12841,2,4,,2,70,,12842,2,4,,2
14000880019,'sam',14,,12849,2,4,,2,796,,12850,2,4,,2,30,,12851,2,4,,2,70,,12862,2,4,,2,30,,12864,2,4,,2,70,,12865,2,4,,2,30,,12866,2,4,,2,70,,12867,2,4,,2,30,,12868,2,4,,2,70,,12869,2,4,,2,30,,12870,2,4,,2,70,,12852,2,4,,2,30,,12853,2,4,,2,70,,12854,2,4,,2,30,,12855,2,4,,2,70,,12856,2,4,,2,30,,12857,2,4,,2,70,,12858,2,4,,2,30,,12859,2,4,,2,70,,12860,2,4,,2,30,,12861,2,4,,2,70,,12863,2,4,,2
14000885019,'LN',11,,12871,2,4,,2,899,,12872,2,4,,2,30,,12873,2,4,,2,70,,12884,2,4,,2,30,,12894,2,4,,2,70,,12895,2,4,,2,30,,12896,2,4,,2,70,,12897,2,4,,2,30,,12898,2,4,,2,70,,12899,2,4,,2,30,,12900,2,4,,2,70,,12874,2,4,,2,30,,12875,2,4,,2,70,,12876,2,4,,2,30,,12877,2,4,,2,70,,12878,2,4,,2,30,,12879,2,4,,2,70,,12880,2,4,,2,30,,12881,2,4,,2,70,,12882,2,4,,2,30,,12883,2,4,,2,70,,12885,2,4,,2,30,,12886,2,4,,2,70,,12887,2,4,,2,30,,12888,2,4,,2,70,,12889,2,4,,2,30,,12890,2,4,,2,70,,12891,2,4,,2,30,,12892,2,4,,2,70,,12893,2,4,,2
14000885019,'VNJA',11,,12901,2,4,,2,699,,12902,2,4,,2,30,,12903,2,4,,2,70,,12914,2,4,,2,30,,12918,2,4,,2,70,,12919,2,4,,2,30,,12920,2,4,,2,70,,12921,2,4,,2,30,,12922,2,4,,2,70,,12923,2,4,,2,30,,12924,2,4,,2,70,,12904,2,4,,2,30,,12905,2,4,,2,70,,12906,2,4,,2,30,,12907,2,4,,2,70,,12908,2,4,,2,30,,12909,2,4,,2,70,,12910,2,4,,2,30,,12911,2,4,,2,70,,12912,2,4,,2,30,,12913,2,4,,2,70,,12915,2,4,,2,30,,12916,2,4,,2,70,,12917,2,4,,2
14000885019,'dim',11,,12925,2,4,,2,899,,12926,2,4,,2,30,,12927,2,4,,2,70,,12937,2,4,,2,30,,12938,2,4,,2,70,,12939,2,4,,2,30,,12940,2,4,,2,70,,12941,2,4,,2,30,,12942,2,4,,2,70,,12943,2,4,,2,30,,12944,2,4,,2,70,,12928,2,4,,2,30,,12929,2,4,,2,70,,12930,2,4,,2,30,,12931,2,4,,2,70,,12932,2,4,,2,30,,12933,2,4,,2,70,,12934,2,4,,2,30,,12935,2,4,,2,70,,12936,2,4,,2
14000885019,'lun-ven',11,,12945,2,4,,2,699,,12946,2,4,,2,30,,12947,2,4,,2,70,,12958,2,4,,2,30,,12969,2,4,,2,70,,12973,2,4,,2,30,,12974,2,4,,2,70,,12975,2,4,,2,30,,12976,2,4,,2,70,,12977,2,4,,2,30,,12978,2,4,,2,70,,12948,2,4,,2,30,,12949,2,4,,2,70,,12950,2,4,,2,30,,12951,2,4,,2,70,,12952,2,4,,2,30,,12953,2,4,,2,70,,12954,2,4,,2,30,,12955,2,4,,2,70,,12956,2,4,,2,30,,12957,2,4,,2,70,,12959,2,4,,2,30,,12960,2,4,,2,70,,12961,2,4,,2,30,,12962,2,4,,2,70,,12963,2,4,,2,30,,12964,2,4,,2,70,,12965,2,4,,2,30,,12966,2,4,,2,70,,12967,2,4,,2,30,,12968,2,4,,2,70,,12970,2,4,,2,30,,12971,2,4,,2,70,,12972,2,4,,2
14000885019,'sam',11,,12979,2,4,,2,799,,12980,2,4,,2,30,,12981,2,4,,2,70,,12992,2,4,,2,30,,12994,2,4,,2,70,,12995,2,4,,2,30,,12996,2,4,,2,70,,12997,2,4,,2,30,,12998,2,4,,2,70,,12999,2,4,,2,30,,13000,2,4,,2,70,,12982,2,4,,2,30,,12983,2,4,,2,70,,12984,2,4,,2,30,,12985,2,4,,2,70,,12986,2,4,,2,30,,12987,2,4,,2,70,,12988,2,4,,2,30,,12989,2,4,,2,70,,12990,2,4,,2,30,,12991,2,4,,2,70,,12993,2,4,,2
14000890019,'LN',4,,13001,2,4,,2,906,,13002,2,4,,2,30,,13003,2,4,,2,70,,13014,2,4,,2,30,,13023,2,4,,2,70,,13024,2,4,,2,30,,13025,2,4,,2,70,,13026,2,4,,2,30,,13027,2,4,,2,70,,13028,2,4,,2,30,,13029,2,4,,2,70,,13004,2,4,,2,30,,13005,2,4,,2,70,,13006,2,4,,2,30,,13007,2,4,,2,70,,13008,2,4,,2,30,,13009,2,4,,2,70,,13010,2,4,,2,30,,13011,2,4,,2,70,,13012,2,4,,2,30,,13013,2,4,,2,70,,13015,2,4,,2,30,,13016,2,4,,2,70,,13017,2,4,,2,30,,13018,2,4,,2,70,,13019,2,4,,2,30,,13020,2,4,,2,70,,13021,2,4,,2,30,,13022,2,4,,2
14000890019,'VNJA',4,,13030,2,4,,2,706,,13031,2,4,,2,30,,13032,2,4,,2,70,,13043,2,4,,2,30,,13046,2,4,,2,70,,13047,2,4,,2,30,,13048,2,4,,2,70,,13049,2,4,,2,30,,13050,2,4,,2,70,,13051,2,4,,2,30,,13052,2,4,,2,70,,13033,2,4,,2,30,,13034,2,4,,2,70,,13035,2,4,,2,30,,13036,2,4,,2,70,,13037,2,4,,2,30,,13038,2,4,,2,70,,13039,2,4,,2,30,,13040,2,4,,2,70,,13041,2,4,,2,30,,13042,2,4,,2,70,,13044,2,4,,2,30,,13045,2,4,,2
14000890019,'dim',4,,13053,2,4,,2,906,,13054,2,4,,2,30,,13055,2,4,,2,70,,13064,2,4,,2,30,,13065,2,4,,2,70,,13066,2,4,,2,30,,13067,2,4,,2,70,,13068,2,4,,2,30,,13069,2,4,,2,70,,13070,2,4,,2,30,,13071,2,4,,2,70,,13056,2,4,,2,30,,13057,2,4,,2,70,,13058,2,4,,2,30,,13059,2,4,,2,70,,13060,2,4,,2,30,,13061,2,4,,2,70,,13062,2,4,,2,30,,13063,2,4,,2
14000890019,'lun-ven',4,,13072,2,4,,2,706,,13073,2,4,,2,30,,13074,2,4,,2,70,,13085,2,4,,2,30,,13096,2,4,,2,70,,13099,2,4,,2,30,,13100,2,4,,2,70,,13101,2,4,,2,30,,13102,2,4,,2,70,,13103,2,4,,2,30,,13104,2,4,,2,70,,13075,2,4,,2,30,,13076,2,4,,2,70,,13077,2,4,,2,30,,13078,2,4,,2,70,,13079,2,4,,2,30,,13080,2,4,,2,70,,13081,2,4,,2,30,,13082,2,4,,2,70,,13083,2,4,,2,30,,13084,2,4,,2,70,,13086,2,4,,2,30,,13087,2,4,,2,70,,13088,2,4,,2,30,,13089,2,4,,2,70,,13090,2,4,,2,30,,13091,2,4,,2,70,,13092,2,4,,2,30,,13093,2,4,,2,70,,13094,2,4,,2,30,,13095,2,4,,2,70,,13097,2,4,,2,30,,13098,2,4,,2
14000890019,'sam',4,,13105,2,4,,2,806,,13106,2,4,,2,30,,13107,2,4,,2,70,,13118,2,4,,2,30,,13119,2,4,,2,70,,13120,2,4,,2,30,,13121,2,4,,2,70,,13122,2,4,,2,30,,13123,2,4,,2,70,,13124,2,4,,2,30,,13125,2,4,,2,70,,13108,2,4,,2,30,,13109,2,4,,2,70,,13110,2,4,,2,30,,13111,2,4,,2,70,,13112,2,4,,2,30,,13113,2,4,,2,70,,13114,2,4,,2,30,,13115,2,4,,2,70,,13116,2,4,,2,30,,13117,2,4,,2
14000892019,'LN',13,,13126,2,4,,2,897,,13127,2,4,,2,30,,13128,2,4,,2,70,,13139,2,4,,2,30,,13149,2,4,,2,70,,13150,2,4,,2,30,,13151,2,4,,2,70,,13152,2,4,,2,30,,13153,2,4,,2,70,,13154,2,4,,2,30,,13155,2,4,,2,70,,13129,2,4,,2,30,,13130,2,4,,2,70,,13131,2,4,,2,30,,13132,2,4,,2,70,,13133,2,4,,2,30,,13134,2,4,,2,70,,13135,2,4,,2,30,,13136,2,4,,2,70,,13137,2,4,,2,30,,13138,2,4,,2,70,,13140,2,4,,2,30,,13141,2,4,,2,70,,13142,2,4,,2,30,,13143,2,4,,2,70,,13144,2,4,,2,30,,13145,2,4,,2,70,,13146,2,4,,2,30,,13147,2,4,,2,70,,13148,2,4,,2
14000892019,'VNJA',13,,13156,2,4,,2,697,,13157,2,4,,2,30,,13158,2,4,,2,70,,13169,2,4,,2,30,,13173,2,4,,2,70,,13174,2,4,,2,30,,13175,2,4,,2,70,,13176,2,4,,2,30,,13177,2,4,,2,70,,13178,2,4,,2,30,,13179,2,4,,2,70,,13159,2,4,,2,30,,13160,2,4,,2,70,,13161,2,4,,2,30,,13162,2,4,,2,70,,13163,2,4,,2,30,,13164,2,4,,2,70,,13165,2,4,,2,30,,13166,2,4,,2,70,,13167,2,4,,2,30,,13168,2,4,,2,70,,13170,2,4,,2,30,,13171,2,4,,2,70,,13172,2,4,,2
14000892019,'dim',13,,13180,2,4,,2,897,,13181,2,4,,2,30,,13182,2,4,,2,70,,13192,2,4,,2,30,,13193,2,4,,2,70,,13194,2,4,,2,30,,13195,2,4,,2,70,,13196,2,4,,2,30,,13197,2,4,,2,70,,13198,2,4,,2,30,,13199,2,4,,2,70,,13183,2,4,,2,30,,13184,2,4,,2,70,,13185,2,4,,2,30,,13186,2,4,,2,70,,13187,2,4,,2,30,,13188,2,4,,2,70,,13189,2,4,,2,30,,13190,2,4,,2,70,,13191,2,4,,2
14000892019,'lun-ven',13,,13200,2,4,,2,697,,13201,2,4,,2,30,,13202,2,4,,2,70,,13213,2,4,,2,30,,13224,2,4,,2,70,,13228,2,4,,2,30,,13229,2,4,,2,70,,13230,2,4,,2,30,,13231,2,4,,2,70,,13232,2,4,,2,30,,13233,2,4,,2,70,,13203,2,4,,2,30,,13204,2,4,,2,70,,13205,2,4,,2,30,,13206,2,4,,2,70,,13207,2,4,,2,30,,13208,2,4,,2,70,,13209,2,4,,2,30,,13210,2,4,,2,70,,13211,2,4,,2,30,,13212,2,4,,2,70,,13214,2,4,,2,30,,13215,2,4,,2,70,,13216,2,4,,2,30,,13217,2,4,,2,70,,13218,2,4,,2,30,,13219,2,4,,2,70,,13220,2,4,,2,30,,13221,2,4,,2,70,,13222,2,4,,2,30,,13223,2,4,,2,70,,13225,2,4,,2,30,,13226,2,4,,2,70,,13227,2,4,,2
14000892019,'sam',13,,13234,2,4,,2,797,,13235,2,4,,2,30,,13236,2,4,,2,70,,13247,2,4,,2,30,,13249,2,4,,2,70,,13250,2,4,,2,30,,13251,2,4,,2,70,,13252,2,4,,2,30,,13253,2,4,,2,70,,13254,2,4,,2,30,,13255,2,4,,2,70,,13237,2,4,,2,30,,13238,2,4,,2,70,,13239,2,4,,2,30,,13240,2,4,,2,70,,13241,2,4,,2,30,,13242,2,4,,2,70,,13243,2,4,,2,30,,13244,2,4,,2,70,,13245,2,4,,2,30,,13246,2,4,,2,70,,13248,2,4,,2
14000895019,'LN',5,,13256,2,4,,2,905,,13257,2,4,,2,30,,13258,2,4,,2,70,,13269,2,4,,2,30,,13278,2,4,,2,70,,13279,2,4,,2,30,,13280,2,4,,2,70,,13281,2,4,,2,30,,13282,2,4,,2,70,,13283,2,4,,2,30,,13284,2,4,,2,70,,13259,2,4,,2,30,,13260,2,4,,2,70,,13261,2,4,,2,30,,13262,2,4,,2,70,,13263,2,4,,2,30,,13264,2,4,,2,70,,13265,2,4,,2,30,,13266,2,4,,2,70,,13267,2,4,,2,30,,13268,2,4,,2,70,,13270,2,4,,2,30,,13271,2,4,,2,70,,13272,2,4,,2,30,,13273,2,4,,2,70,,13274,2,4,,2,30,,13275,2,4,,2,70,,13276,2,4,,2,30,,13277,2,4,,2
14000895019,'VNJA',5,,13285,2,4,,2,705,,13286,2,4,,2,30,,13287,2,4,,2,70,,13298,2,4,,2,30,,13301,2,4,,2,70,,13302,2,4,,2,30,,13303,2,4,,2,70,,13304,2,4,,2,30,,13305,2,4,,2,70,,13306,2,4,,2,30,,13307,2,4,,2,70,,13288,2,4,,2,30,,13289,2,4,,2,70,,13290,2,4,,2,30,,13291,2,4,,2,70,,13292,2,4,,2,30,,13293,2,4,,2,70,,13294,2,4,,2,30,,13295,2,4,,2,70,,13296,2,4,,2,30,,13297,2,4,,2,70,,13299,2,4,,2,30,,13300,2,4,,2
14000895019,'dim',5,,13308,2,4,,2,905,,13309,2,4,,2,30,,13310,2,4,,2,70,,13319,2,4,,2,30,,13320,2,4,,2,70,,13321,2,4,,2,30,,13322,2,4,,2,70,,13323,2,4,,2,30,,13324,2,4,,2,70,,13325,2,4,,2,30,,13326,2,4,,2,70,,13311,2,4,,2,30,,13312,2,4,,2,70,,13313,2,4,,2,30,,13314,2,4,,2,70,,13315,2,4,,2,30,,13316,2,4,,2,70,,13317,2,4,,2,30,,13318,2,4,,2
14000895019,'lun-ven',5,,13327,2,4,,2,705,,13328,2,4,,2,30,,13329,2,4,,2,70,,13340,2,4,,2,30,,13351,2,4,,2,70,,13354,2,4,,2,30,,13355,2,4,,2,70,,13356,2,4,,2,30,,13357,2,4,,2,70,,13358,2,4,,2,30,,13359,2,4,,2,70,,13330,2,4,,2,30,,13331,2,4,,2,70,,13332,2,4,,2,30,,13333,2,4,,2,70,,13334,2,4,,2,30,,13335,2,4,,2,70,,13336,2,4,,2,30,,13337,2,4,,2,70,,13338,2,4,,2,30,,13339,2,4,,2,70,,13341,2,4,,2,30,,13342,2,4,,2,70,,13343,2,4,,2,30,,13344,2,4,,2,70,,13345,2,4,,2,30,,13346,2,4,,2,70,,13347,2,4,,2,30,,13348,2,4,,2,70,,13349,2,4,,2,30,,13350,2,4,,2,70,,13352,2,4,,2,30,,13353,2,4,,2
14000895019,'sam',5,,13360,2,4,,2,805,,13361,2,4,,2,30,,13362,2,4,,2,70,,13373,2,4,,2,30,,13374,2,4,,2,70,,13375,2,4,,2,30,,13376,2,4,,2,70,,13377,2,4,,2,30,,13378,2,4,,2,70,,13379,2,4,,2,30,,13380,2,4,,2,70,,13363,2,4,,2,30,,13364,2,4,,2,70,,13365,2,4,,2,30,,13366,2,4,,2,70,,13367,2,4,,2,30,,13368,2,4,,2,70,,13369,2,4,,2,30,,13370,2,4,,2,70,,13371,2,4,,2,30,,13372,2,4,,2
