10000500019,'LN',15,,6293,2,4,,2,908,,6294,2,4,,2,30,,6295,2,4,,2,70,,6306,2,4,,2,30,,6315,2,4,,2,70,,6316,2,4,,2,30,,6317,2,4,,2,70,,6318,2,4,,2,30,,6319,2,4,,2,70,,6320,2,4,,2,30,,6321,2,4,,2,70,,6296,2,4,,2,30,,6297,2,4,,2,70,,6298,2,4,,2,30,,6299,2,4,,2,70,,6300,2,4,,2,30,,6301,2,4,,2,70,,6302,2,4,,2,30,,6303,2,4,,2,70,,6304,2,4,,2,30,,6305,2,4,,2,70,,6307,2,4,,2,30,,6308,2,4,,2,70,,6309,2,4,,2,30,,6310,2,4,,2,70,,6311,2,4,,2,30,,6312,2,4,,2,70,,6313,2,4,,2,30,,6314,2,4,,2
10000500019,'VNJA',15,,6612,2,4,,2,708,,6613,2,4,,2,30,,6614,2,4,,2,70,,6625,2,4,,2,30,,6628,2,4,,2,70,,6629,2,4,,2,30,,6630,2,4,,2,70,,6631,2,4,,2,30,,6632,2,4,,2,70,,6633,2,4,,2,30,,6634,2,4,,2,70,,6615,2,4,,2,30,,6616,2,4,,2,70,,6617,2,4,,2,30,,6618,2,4,,2,70,,6619,2,4,,2,30,,6620,2,4,,2,70,,6621,2,4,,2,30,,6622,2,4,,2,70,,6623,2,4,,2,30,,6624,2,4,,2,70,,6626,2,4,,2,30,,6627,2,4,,2
10000500019,'dim',15,,6865,2,4,,2,908,,6866,2,4,,2,30,,6867,2,4,,2,70,,6876,2,4,,2,30,,6877,2,4,,2,70,,6878,2,4,,2,30,,6879,2,4,,2,70,,6880,2,4,,2,30,,6881,2,4,,2,70,,6882,2,4,,2,30,,6883,2,4,,2,70,,6868,2,4,,2,30,,6869,2,4,,2,70,,6870,2,4,,2,30,,6871,2,4,,2,70,,6872,2,4,,2,30,,6873,2,4,,2,70,,6874,2,4,,2,30,,6875,2,4,,2
10000500019,'lun-ven',15,,7074,2,4,,2,708,,7075,2,4,,2,30,,7076,2,4,,2,70,,7087,2,4,,2,30,,7098,2,4,,2,70,,7101,2,4,,2,30,,7102,2,4,,2,70,,7103,2,4,,2,30,,7104,2,4,,2,70,,7105,2,4,,2,30,,7106,2,4,,2,70,,7077,2,4,,2,30,,7078,2,4,,2,70,,7079,2,4,,2,30,,7080,2,4,,2,70,,7081,2,4,,2,30,,7082,2,4,,2,70,,7083,2,4,,2,30,,7084,2,4,,2,70,,7085,2,4,,2,30,,7086,2,4,,2,70,,7088,2,4,,2,30,,7089,2,4,,2,70,,7090,2,4,,2,30,,7091,2,4,,2,70,,7092,2,4,,2,30,,7093,2,4,,2,70,,7094,2,4,,2,30,,7095,2,4,,2,70,,7096,2,4,,2,30,,7097,2,4,,2,70,,7099,2,4,,2,30,,7100,2,4,,2
10000500019,'sam',15,,7437,2,4,,2,808,,7438,2,4,,2,30,,7439,2,4,,2,70,,7450,2,4,,2,30,,7451,2,4,,2,70,,7452,2,4,,2,30,,7453,2,4,,2,70,,7454,2,4,,2,30,,7455,2,4,,2,70,,7456,2,4,,2,30,,7457,2,4,,2,70,,7440,2,4,,2,30,,7441,2,4,,2,70,,7442,2,4,,2,30,,7443,2,4,,2,70,,7444,2,4,,2,30,,7445,2,4,,2,70,,7446,2,4,,2,30,,7447,2,4,,2,70,,7448,2,4,,2,30,,7449,2,4,,2
10000505019,'LN',0,,7668,1,,,2,919,,7669,1,,,2,30,,7670,1,,,2,70,,7681,1,,,2,30,,7690,1,,,2,70,,7691,1,,,2,30,,7692,1,,,2,70,,7693,1,,,2,30,,7694,1,,,2,70,,7695,1,,,2,30,,7696,1,,,2,70,,7671,1,,,2,30,,7672,1,,,2,70,,7673,1,,,2,30,,7674,1,,,2,70,,7675,1,,,2,30,,7676,1,,,2,70,,7677,1,,,2,30,,7678,1,,,2,70,,7679,1,,,2,30,,7680,1,,,2,70,,7682,1,,,2,30,,7683,1,,,2,70,,7684,1,,,2,30,,7685,1,,,2,70,,7686,1,,,2,30,,7687,1,,,2,70,,7688,1,,,2,30,,7689,1,,,2
10000505019,'VNJA',0,,7697,1,,,2,649,,7698,1,,,2,70,,7699,1,,,2,30,,7710,1,,,2,70,,7714,1,,,2,30,,7715,1,,,2,70,,7716,1,,,2,30,,7717,1,,,2,70,,7718,1,,,2,30,,7719,1,,,2,70,,7720,1,,,2,30,,7700,1,,,2,70,,7701,1,,,2,30,,7702,1,,,2,70,,7703,1,,,2,30,,7704,1,,,2,70,,7705,1,,,2,30,,7706,1,,,2,70,,7707,1,,,2,30,,7708,1,,,2,70,,7709,1,,,2,30,,7711,1,,,2,70,,7712,1,,,2,30,,7713,1,,,2
10000505019,'dim',0,,7721,1,,,2,919,,7722,1,,,2,30,,7723,1,,,2,70,,7732,1,,,2,30,,7733,1,,,2,70,,7734,1,,,2,30,,7735,1,,,2,70,,7736,1,,,2,30,,7737,1,,,2,70,,7738,1,,,2,30,,7739,1,,,2,70,,7724,1,,,2,30,,7725,1,,,2,70,,7726,1,,,2,30,,7727,1,,,2,70,,7728,1,,,2,30,,7729,1,,,2,70,,7730,1,,,2,30,,7731,1,,,2
10000505019,'lun-ven',0,,7740,1,,,2,649,,7741,1,,,2,70,,7742,1,,,2,30,,7753,1,,,2,70,,7764,1,,,2,30,,7768,1,,,2,70,,7769,1,,,2,30,,7770,1,,,2,70,,7771,1,,,2,30,,7772,1,,,2,70,,7773,1,,,2,30,,7743,1,,,2,70,,7744,1,,,2,30,,7745,1,,,2,70,,7746,1,,,2,30,,7747,1,,,2,70,,7748,1,,,2,30,,7749,1,,,2,70,,7750,1,,,2,30,,7751,1,,,2,70,,7752,1,,,2,30,,7754,1,,,2,70,,7755,1,,,2,30,,7756,1,,,2,70,,7757,1,,,2,30,,7758,1,,,2,70,,7759,1,,,2,30,,7760,1,,,2,70,,7761,1,,,2,30,,7762,1,,,2,70,,7763,1,,,2,30,,7765,1,,,2,70,,7766,1,,,2,30,,7767,1,,,2
10000505019,'sam',0,,7774,1,,,2,749,,7775,1,,,2,70,,7776,1,,,2,30,,7787,1,,,2,70,,7789,1,,,2,30,,7790,1,,,2,70,,7791,1,,,2,30,,7792,1,,,2,70,,7793,1,,,2,30,,7794,1,,,2,70,,7795,1,,,2,30,,7777,1,,,2,70,,7778,1,,,2,30,,7779,1,,,2,70,,7780,1,,,2,30,,7781,1,,,2,70,,7782,1,,,2,30,,7783,1,,,2,70,,7784,1,,,2,30,,7785,1,,,2,70,,7786,1,,,2,30,,7788,1,,,2
