7000100019,'LN',15,,3830,2,4,,2,913,,3831,2,4,,2,30,,3832,2,4,,2,70,,3843,2,4,,2,30,,3852,2,4,,2,70,,3853,2,4,,2,30,,3854,2,4,,2,70,,3855,2,4,,2,30,,3856,2,4,,2,70,,3857,2,4,,2,30,,3858,2,4,,2,70,,3833,2,4,,2,30,,3834,2,4,,2,70,,3835,2,4,,2,30,,3836,2,4,,2,70,,3837,2,4,,2,30,,3838,2,4,,2,70,,3839,2,4,,2,30,,3840,2,4,,2,70,,3841,2,4,,2,30,,3842,2,4,,2,70,,3844,2,4,,2,30,,3845,2,4,,2,70,,3846,2,4,,2,30,,3847,2,4,,2,70,,3848,2,4,,2,30,,3849,2,4,,2,70,,3850,2,4,,2,30,,3851,2,4,,2
7000100019,'VNJA',15,,4102,2,4,,2,713,,4103,2,4,,2,30,,4104,2,4,,2,70,,4115,2,4,,2,30,,4118,2,4,,2,70,,4119,2,4,,2,30,,4120,2,4,,2,70,,4121,2,4,,2,30,,4122,2,4,,2,70,,4123,2,4,,2,30,,4124,2,4,,2,70,,4105,2,4,,2,30,,4106,2,4,,2,70,,4107,2,4,,2,30,,4108,2,4,,2,70,,4109,2,4,,2,30,,4110,2,4,,2,70,,4111,2,4,,2,30,,4112,2,4,,2,70,,4113,2,4,,2,30,,4114,2,4,,2,70,,4116,2,4,,2,30,,4117,2,4,,2
7000100019,'dim',15,,4320,2,4,,2,913,,4321,2,4,,2,30,,4322,2,4,,2,70,,4331,2,4,,2,30,,4332,2,4,,2,70,,4333,2,4,,2,30,,4334,2,4,,2,70,,4335,2,4,,2,30,,4336,2,4,,2,70,,4337,2,4,,2,30,,4338,2,4,,2,70,,4323,2,4,,2,30,,4324,2,4,,2,70,,4325,2,4,,2,30,,4326,2,4,,2,70,,4327,2,4,,2,30,,4328,2,4,,2,70,,4329,2,4,,2,30,,4330,2,4,,2
7000100019,'lun-ven',15,,4552,2,4,,2,713,,4553,2,4,,2,30,,4554,2,4,,2,70,,4565,2,4,,2,30,,4576,2,4,,2,70,,4579,2,4,,2,30,,4580,2,4,,2,70,,4581,2,4,,2,30,,4582,2,4,,2,70,,4583,2,4,,2,30,,4584,2,4,,2,70,,4555,2,4,,2,30,,4556,2,4,,2,70,,4557,2,4,,2,30,,4558,2,4,,2,70,,4559,2,4,,2,30,,4560,2,4,,2,70,,4561,2,4,,2,30,,4562,2,4,,2,70,,4563,2,4,,2,30,,4564,2,4,,2,70,,4566,2,4,,2,30,,4567,2,4,,2,70,,4568,2,4,,2,30,,4569,2,4,,2,70,,4570,2,4,,2,30,,4571,2,4,,2,70,,4572,2,4,,2,30,,4573,2,4,,2,70,,4574,2,4,,2,30,,4575,2,4,,2,70,,4577,2,4,,2,30,,4578,2,4,,2
7000100019,'sam',15,,4846,2,4,,2,813,,4847,2,4,,2,30,,4848,2,4,,2,70,,4859,2,4,,2,30,,4860,2,4,,2,70,,4861,2,4,,2,30,,4862,2,4,,2,70,,4863,2,4,,2,30,,4864,2,4,,2,70,,4865,2,4,,2,30,,4866,2,4,,2,70,,4849,2,4,,2,30,,4850,2,4,,2,70,,4851,2,4,,2,30,,4852,2,4,,2,70,,4853,2,4,,2,30,,4854,2,4,,2,70,,4855,2,4,,2,30,,4856,2,4,,2,70,,4857,2,4,,2,30,,4858,2,4,,2
7000125019,'LN',0,,5383,1,,,2,846,,5384,1,,,2,70,,5385,1,,,2,30,,5396,1,,,2,70,,5406,1,,,2,30,,5407,1,,,2,70,,5408,1,,,2,30,,5409,1,,,2,70,,5410,1,,,2,30,,5411,1,,,2,70,,5412,1,,,2,30,,5386,1,,,2,70,,5387,1,,,2,30,,5388,1,,,2,70,,5389,1,,,2,30,,5390,1,,,2,70,,5391,1,,,2,30,,5392,1,,,2,70,,5393,1,,,2,30,,5394,1,,,2,70,,5395,1,,,2,30,,5397,1,,,2,70,,5398,1,,,2,30,,5399,1,,,2,70,,5400,1,,,2,30,,5401,1,,,2,70,,5402,1,,,2,30,,5403,1,,,2,70,,5404,1,,,2,30,,5405,1,,,2
7000125019,'VNJA',0,,5413,1,,,2,646,,5414,1,,,2,70,,5415,1,,,2,30,,5426,1,,,2,70,,5430,1,,,2,30,,5431,1,,,2,70,,5432,1,,,2,30,,5433,1,,,2,70,,5434,1,,,2,30,,5435,1,,,2,70,,5436,1,,,2,30,,5416,1,,,2,70,,5417,1,,,2,30,,5418,1,,,2,70,,5419,1,,,2,30,,5420,1,,,2,70,,5421,1,,,2,30,,5422,1,,,2,70,,5423,1,,,2,30,,5424,1,,,2,70,,5425,1,,,2,30,,5427,1,,,2,70,,5428,1,,,2,30,,5429,1,,,2
7000125019,'dim',0,,5437,1,,,2,846,,5438,1,,,2,70,,5439,1,,,2,30,,5449,1,,,2,70,,5450,1,,,2,30,,5451,1,,,2,70,,5452,1,,,2,30,,5453,1,,,2,70,,5454,1,,,2,30,,5455,1,,,2,70,,5456,1,,,2,30,,5440,1,,,2,70,,5441,1,,,2,30,,5442,1,,,2,70,,5443,1,,,2,30,,5444,1,,,2,70,,5445,1,,,2,30,,5446,1,,,2,70,,5447,1,,,2,30,,5448,1,,,2
7000125019,'lun-ven',0,,5457,1,,,2,646,,5458,1,,,2,70,,5459,1,,,2,30,,5470,1,,,2,70,,5481,1,,,2,30,,5485,1,,,2,70,,5486,1,,,2,30,,5487,1,,,2,70,,5488,1,,,2,30,,5489,1,,,2,70,,5490,1,,,2,30,,5460,1,,,2,70,,5461,1,,,2,30,,5462,1,,,2,70,,5463,1,,,2,30,,5464,1,,,2,70,,5465,1,,,2,30,,5466,1,,,2,70,,5467,1,,,2,30,,5468,1,,,2,70,,5469,1,,,2,30,,5471,1,,,2,70,,5472,1,,,2,30,,5473,1,,,2,70,,5474,1,,,2,30,,5475,1,,,2,70,,5476,1,,,2,30,,5477,1,,,2,70,,5478,1,,,2,30,,5479,1,,,2,70,,5480,1,,,2,30,,5482,1,,,2,70,,5483,1,,,2,30,,5484,1,,,2
7000125019,'sam',0,,5491,1,,,2,746,,5492,1,,,2,70,,5493,1,,,2,30,,5504,1,,,2,70,,5506,1,,,2,30,,5507,1,,,2,70,,5508,1,,,2,30,,5509,1,,,2,70,,5510,1,,,2,30,,5511,1,,,2,70,,5512,1,,,2,30,,5494,1,,,2,70,,5495,1,,,2,30,,5496,1,,,2,70,,5497,1,,,2,30,,5498,1,,,2,70,,5499,1,,,2,30,,5500,1,,,2,70,,5501,1,,,2,30,,5502,1,,,2,70,,5503,1,,,2,30,,5505,1,,,2
