10000500019,'LN',12,,6409,2,4,,2,908,,6410,2,4,,2,30,,6411,2,4,,2,70,,6422,2,4,,2,30,,6431,2,4,,2,70,,6432,2,4,,2,30,,6433,2,4,,2,70,,6434,2,4,,2,30,,6435,2,4,,2,70,,6436,2,4,,2,30,,6437,2,4,,2,70,,6412,2,4,,2,30,,6413,2,4,,2,70,,6414,2,4,,2,30,,6415,2,4,,2,70,,6416,2,4,,2,30,,6417,2,4,,2,70,,6418,2,4,,2,30,,6419,2,4,,2,70,,6420,2,4,,2,30,,6421,2,4,,2,70,,6423,2,4,,2,30,,6424,2,4,,2,70,,6425,2,4,,2,30,,6426,2,4,,2,70,,6427,2,4,,2,30,,6428,2,4,,2,70,,6429,2,4,,2,30,,6430,2,4,,2
10000500019,'VNJA',12,,6704,2,4,,2,708,,6705,2,4,,2,30,,6706,2,4,,2,70,,6717,2,4,,2,30,,6720,2,4,,2,70,,6721,2,4,,2,30,,6722,2,4,,2,70,,6723,2,4,,2,30,,6724,2,4,,2,70,,6725,2,4,,2,30,,6726,2,4,,2,70,,6707,2,4,,2,30,,6708,2,4,,2,70,,6709,2,4,,2,30,,6710,2,4,,2,70,,6711,2,4,,2,30,,6712,2,4,,2,70,,6713,2,4,,2,30,,6714,2,4,,2,70,,6715,2,4,,2,30,,6716,2,4,,2,70,,6718,2,4,,2,30,,6719,2,4,,2
10000500019,'dim',12,,6941,2,4,,2,908,,6942,2,4,,2,30,,6943,2,4,,2,70,,6952,2,4,,2,30,,6953,2,4,,2,70,,6954,2,4,,2,30,,6955,2,4,,2,70,,6956,2,4,,2,30,,6957,2,4,,2,70,,6958,2,4,,2,30,,6959,2,4,,2,70,,6944,2,4,,2,30,,6945,2,4,,2,70,,6946,2,4,,2,30,,6947,2,4,,2,70,,6948,2,4,,2,30,,6949,2,4,,2,70,,6950,2,4,,2,30,,6951,2,4,,2
10000500019,'lun-ven',12,,7206,2,4,,2,708,,7207,2,4,,2,30,,7208,2,4,,2,70,,7219,2,4,,2,30,,7230,2,4,,2,70,,7233,2,4,,2,30,,7234,2,4,,2,70,,7235,2,4,,2,30,,7236,2,4,,2,70,,7237,2,4,,2,30,,7238,2,4,,2,70,,7209,2,4,,2,30,,7210,2,4,,2,70,,7211,2,4,,2,30,,7212,2,4,,2,70,,7213,2,4,,2,30,,7214,2,4,,2,70,,7215,2,4,,2,30,,7216,2,4,,2,70,,7217,2,4,,2,30,,7218,2,4,,2,70,,7220,2,4,,2,30,,7221,2,4,,2,70,,7222,2,4,,2,30,,7223,2,4,,2,70,,7224,2,4,,2,30,,7225,2,4,,2,70,,7226,2,4,,2,30,,7227,2,4,,2,70,,7228,2,4,,2,30,,7229,2,4,,2,70,,7231,2,4,,2,30,,7232,2,4,,2
10000500019,'sam',12,,7521,2,4,,2,808,,7522,2,4,,2,30,,7523,2,4,,2,70,,7534,2,4,,2,30,,7535,2,4,,2,70,,7536,2,4,,2,30,,7537,2,4,,2,70,,7538,2,4,,2,30,,7539,2,4,,2,70,,7540,2,4,,2,30,,7541,2,4,,2,70,,7524,2,4,,2,30,,7525,2,4,,2,70,,7526,2,4,,2,30,,7527,2,4,,2,70,,7528,2,4,,2,30,,7529,2,4,,2,70,,7530,2,4,,2,30,,7531,2,4,,2,70,,7532,2,4,,2,30,,7533,2,4,,2
10000525019,'LN',0,,8180,1,,,2,923,,8181,1,,,2,30,,8182,1,,,2,70,,8193,1,,,2,30,,8202,1,,,2,70,,8203,1,,,2,30,,8204,1,,,2,70,,8205,1,,,2,30,,8206,1,,,2,70,,8207,1,,,2,30,,8208,1,,,2,70,,8183,1,,,2,30,,8184,1,,,2,70,,8185,1,,,2,30,,8186,1,,,2,70,,8187,1,,,2,30,,8188,1,,,2,70,,8189,1,,,2,30,,8190,1,,,2,70,,8191,1,,,2,30,,8192,1,,,2,70,,8194,1,,,2,30,,8195,1,,,2,70,,8196,1,,,2,30,,8197,1,,,2,70,,8198,1,,,2,30,,8199,1,,,2,70,,8200,1,,,2,30,,8201,1,,,2
10000525019,'VNJA',0,,8209,1,,,2,653,,8210,1,,,2,70,,8211,1,,,2,30,,8222,1,,,2,70,,8226,1,,,2,30,,8227,1,,,2,70,,8228,1,,,2,30,,8229,1,,,2,70,,8230,1,,,2,30,,8231,1,,,2,70,,8232,1,,,2,30,,8212,1,,,2,70,,8213,1,,,2,30,,8214,1,,,2,70,,8215,1,,,2,30,,8216,1,,,2,70,,8217,1,,,2,30,,8218,1,,,2,70,,8219,1,,,2,30,,8220,1,,,2,70,,8221,1,,,2,30,,8223,1,,,2,70,,8224,1,,,2,30,,8225,1,,,2
10000525019,'dim',0,,8233,1,,,2,923,,8234,1,,,2,30,,8235,1,,,2,70,,8244,1,,,2,30,,8245,1,,,2,70,,8246,1,,,2,30,,8247,1,,,2,70,,8248,1,,,2,30,,8249,1,,,2,70,,8250,1,,,2,30,,8251,1,,,2,70,,8236,1,,,2,30,,8237,1,,,2,70,,8238,1,,,2,30,,8239,1,,,2,70,,8240,1,,,2,30,,8241,1,,,2,70,,8242,1,,,2,30,,8243,1,,,2
10000525019,'lun-ven',0,,8252,1,,,2,653,,8253,1,,,2,70,,8254,1,,,2,30,,8265,1,,,2,70,,8276,1,,,2,30,,8280,1,,,2,70,,8281,1,,,2,30,,8282,1,,,2,70,,8283,1,,,2,30,,8284,1,,,2,70,,8285,1,,,2,30,,8255,1,,,2,70,,8256,1,,,2,30,,8257,1,,,2,70,,8258,1,,,2,30,,8259,1,,,2,70,,8260,1,,,2,30,,8261,1,,,2,70,,8262,1,,,2,30,,8263,1,,,2,70,,8264,1,,,2,30,,8266,1,,,2,70,,8267,1,,,2,30,,8268,1,,,2,70,,8269,1,,,2,30,,8270,1,,,2,70,,8271,1,,,2,30,,8272,1,,,2,70,,8273,1,,,2,30,,8274,1,,,2,70,,8275,1,,,2,30,,8277,1,,,2,70,,8278,1,,,2,30,,8279,1,,,2
10000525019,'sam',0,,8286,1,,,2,753,,8287,1,,,2,70,,8288,1,,,2,30,,8299,1,,,2,70,,8301,1,,,2,30,,8302,1,,,2,70,,8303,1,,,2,30,,8304,1,,,2,70,,8305,1,,,2,30,,8306,1,,,2,70,,8307,1,,,2,30,,8289,1,,,2,70,,8290,1,,,2,30,,8291,1,,,2,70,,8292,1,,,2,30,,8293,1,,,2,70,,8294,1,,,2,30,,8295,1,,,2,70,,8296,1,,,2,30,,8297,1,,,2,70,,8298,1,,,2,30,,8300,1,,,2
