6019,'LN',8,,20,5,,,2
6019,'VNJA',8,,21,5,,,2
6019,'dim',8,,22,5,,,2
6019,'lun-ven',8,,23,5,,,2
6019,'sam',8,,24,5,,,2
308700019,'LN',0,,46,1,,,2
308700019,'VNJA',0,,47,1,,,2
308700019,'dim',0,,48,1,,,2
308700019,'lun-ven',0,,49,1,,,2
308700019,'sam',0,,50,1,,,2
308705019,'LN',13,,51,2,4,,2
308705019,'VNJA',13,,52,2,4,,2
308705019,'dim',13,,53,2,4,,2
308705019,'lun-ven',13,,54,2,4,,2
308705019,'sam',13,,55,2,4,,2
1000400019,'LN',0,,89,1,,,2
1000400019,'VNJA',0,,93,1,,,2
1000400019,'dim',0,,97,1,,,2
1000400019,'lun-ven',0,,101,1,,,2
1000400019,'sam',0,,105,1,,,2
1000405019,'LN',12,,106,2,4,,2
1000405019,'VNJA',12,,107,2,4,,2
1000405019,'dim',12,,108,2,4,,2
1000405019,'lun-ven',12,,109,2,4,,2
1000405019,'sam',12,,110,2,4,,2
1000410019,'LN',13,,111,2,4,,2
1000410019,'VNJA',13,,112,2,4,,2
1000410019,'dim',13,,113,2,4,,2
1000410019,'lun-ven',13,,114,2,4,,2
1000410019,'sam',13,,115,2,4,,2
1000415019,'LN',14,,116,2,4,,2
1000415019,'VNJA',14,,117,2,4,,2
1000415019,'dim',14,,118,2,4,,2
1000415019,'lun-ven',14,,119,2,4,,2
1000415019,'sam',14,,120,2,4,,2
1000420019,'LN',15,,121,2,4,,2
1000420019,'VNJA',15,,122,2,4,,2
1000420019,'dim',15,,123,2,4,,2
1000420019,'lun-ven',15,,124,2,4,,2
1000420019,'sam',15,,125,2,4,,2
3000700019,'LN',0,,128,1,,,2
3000700019,'VNJA',0,,131,1,,,2
3000700019,'dim',0,,134,1,,,2
3000700019,'lun-ven',0,,137,1,,,2
3000700019,'sam',0,,140,1,,,2
3000710019,'LN',11,,141,2,4,,2
3000710019,'VNJA',11,,142,2,4,,2
3000710019,'dim',11,,143,2,4,,2
3000710019,'lun-ven',11,,144,2,4,,2
3000710019,'sam',11,,145,2,4,,2
3000730019,'LN',8,,146,2,4,,2
3000730019,'VNJA',8,,147,2,4,,2
3000730019,'dim',8,,148,2,4,,2
3000730019,'lun-ven',8,,149,2,4,,2
3000730019,'sam',8,,150,2,4,,2
3000790019,'LN',13,,151,2,4,,2
3000790019,'VNJA',13,,152,2,4,,2
3000790019,'dim',13,,153,2,4,,2
3000790019,'lun-ven',13,,154,2,4,,2
3000790019,'sam',13,,155,2,4,,2
