2019,'LN',0,,122,2,,,2,900,,123,2,,,2,30,,124,2,,,2,70,,135,2,,,2,30,,145,2,,,2,70,,146,2,,,2,30,,147,2,,,2,70,,148,2,,,2,30,,149,2,,,2,70,,150,2,,,2,30,,151,2,,,2,70,,125,2,,,2,30,,126,2,,,2,70,,127,2,,,2,30,,128,2,,,2,70,,129,2,,,2,30,,130,2,,,2,70,,131,2,,,2,30,,132,2,,,2,70,,133,2,,,2,30,,134,2,,,2,70,,136,2,,,2,30,,137,2,,,2,70,,138,2,,,2,30,,139,2,,,2,70,,140,2,,,2,30,,141,2,,,2,70,,142,2,,,2,30,,143,2,,,2,70,,144,2,,,2
2019,'VNJA',0,,152,2,,,2,700,,153,2,,,2,30,,154,2,,,2,70,,165,2,,,2,30,,169,2,,,2,70,,170,2,,,2,30,,171,2,,,2,70,,172,2,,,2,30,,173,2,,,2,70,,174,2,,,2,30,,175,2,,,2,70,,155,2,,,2,30,,156,2,,,2,70,,157,2,,,2,30,,158,2,,,2,70,,159,2,,,2,30,,160,2,,,2,70,,161,2,,,2,30,,162,2,,,2,70,,163,2,,,2,30,,164,2,,,2,70,,166,2,,,2,30,,167,2,,,2,70,,168,2,,,2
2019,'dim',0,,176,2,,,2,900,,177,2,,,2,100,,178,2,,,2,100,,179,2,,,2,100,,180,2,,,2,100,,181,2,,,2,100,,182,2,,,2,100,,183,2,,,2,100,,184,2,,,2,100,,185,2,,,2,100,,186,2,,,2
2019,'lun-ven',0,,187,2,,,2,700,,188,2,,,2,30,,189,2,,,2,70,,200,2,,,2,30,,211,2,,,2,70,,215,2,,,2,30,,216,2,,,2,70,,217,2,,,2,30,,218,2,,,2,70,,219,2,,,2,30,,220,2,,,2,70,,190,2,,,2,30,,191,2,,,2,70,,192,2,,,2,30,,193,2,,,2,70,,194,2,,,2,30,,195,2,,,2,70,,196,2,,,2,30,,197,2,,,2,70,,198,2,,,2,30,,199,2,,,2,70,,201,2,,,2,30,,202,2,,,2,70,,203,2,,,2,30,,204,2,,,2,70,,205,2,,,2,30,,206,2,,,2,70,,207,2,,,2,30,,208,2,,,2,70,,209,2,,,2,30,,210,2,,,2,70,,212,2,,,2,30,,213,2,,,2,70,,214,2,,,2
2019,'sam',0,,221,2,,,2,800,,222,2,,,2,30,,223,2,,,2,70,,234,2,,,2,30,,236,2,,,2,70,,237,2,,,2,30,,238,2,,,2,70,,239,2,,,2,30,,240,2,,,2,70,,241,2,,,2,30,,242,2,,,2,70,,224,2,,,2,30,,225,2,,,2,70,,226,2,,,2,30,,227,2,,,2,70,,228,2,,,2,30,,229,2,,,2,70,,230,2,,,2,30,,231,2,,,2,70,,232,2,,,2,30,,233,2,,,2,70,,235,2,,,2
140005019,'LN',0,,670,2,,,2,900,,671,2,,,2,30,,672,2,,,2,70,,683,2,,,2,30,,693,2,,,2,70,,694,2,,,2,30,,695,2,,,2,70,,696,2,,,2,30,,697,2,,,2,70,,698,2,,,2,30,,699,2,,,2,70,,673,2,,,2,30,,674,2,,,2,70,,675,2,,,2,30,,676,2,,,2,70,,677,2,,,2,30,,678,2,,,2,70,,679,2,,,2,30,,680,2,,,2,70,,681,2,,,2,30,,682,2,,,2,70,,684,2,,,2,30,,685,2,,,2,70,,686,2,,,2,30,,687,2,,,2,70,,688,2,,,2,30,,689,2,,,2,70,,690,2,,,2,30,,691,2,,,2,70,,692,2,,,2
140005019,'VNJA',0,,700,2,,,2,530,,701,2,,,2,70,,702,2,,,2,30,,713,2,,,2,70,,720,2,,,2,30,,721,2,,,2,70,,722,2,,,2,30,,723,2,,,2,70,,724,2,,,2,30,,725,2,,,2,70,,726,2,,,2,30,,703,2,,,2,70,,704,2,,,2,30,,705,2,,,2,70,,706,2,,,2,30,,707,2,,,2,70,,708,2,,,2,30,,709,2,,,2,70,,710,2,,,2,30,,711,2,,,2,70,,712,2,,,2,30,,714,2,,,2,70,,715,2,,,2,30,,716,2,,,2,70,,717,2,,,2,30,,718,2,,,2,70,,719,2,,,2
140005019,'dim',0,,727,2,,,2,930,,728,2,,,2,100,,729,2,,,2,100,,730,2,,,2,100,,731,2,,,2,100,,732,2,,,2,100,,733,2,,,2,100,,734,2,,,2,100,,735,2,,,2,100,,736,2,,,2
140005019,'lun-ven',0,,737,2,,,2,530,,738,2,,,2,70,,739,2,,,2,30,,750,2,,,2,70,,761,2,,,2,30,,771,2,,,2,70,,772,2,,,2,30,,773,2,,,2,70,,774,2,,,2,30,,775,2,,,2,70,,776,2,,,2,30,,740,2,,,2,70,,741,2,,,2,30,,742,2,,,2,70,,743,2,,,2,30,,744,2,,,2,70,,745,2,,,2,30,,746,2,,,2,70,,747,2,,,2,30,,748,2,,,2,70,,749,2,,,2,30,,751,2,,,2,70,,752,2,,,2,30,,753,2,,,2,70,,754,2,,,2,30,,755,2,,,2,70,,756,2,,,2,30,,757,2,,,2,70,,758,2,,,2,30,,759,2,,,2,70,,760,2,,,2,30,,762,2,,,2,70,,763,2,,,2,30,,764,2,,,2,70,,765,2,,,2,30,,766,2,,,2,70,,767,2,,,2,30,,768,2,,,2,70,,769,2,,,2,30,,770,2,,,2
140005019,'sam',0,,777,2,,,2,800,,778,2,,,2,30,,779,2,,,2,70,,790,2,,,2,30,,792,2,,,2,70,,793,2,,,2,30,,794,2,,,2,70,,795,2,,,2,30,,796,2,,,2,70,,797,2,,,2,30,,798,2,,,2,70,,780,2,,,2,30,,781,2,,,2,70,,782,2,,,2,30,,783,2,,,2,70,,784,2,,,2,30,,785,2,,,2,70,,786,2,,,2,30,,787,2,,,2,70,,788,2,,,2,30,,789,2,,,2,70,,791,2,,,2
190005019,'LN',0,,799,2,,,2,900,,800,2,,,2,30,,801,2,,,2,70,,812,2,,,2,30,,822,2,,,2,70,,823,2,,,2,30,,824,2,,,2,70,,825,2,,,2,30,,826,2,,,2,70,,827,2,,,2,30,,828,2,,,2,70,,802,2,,,2,30,,803,2,,,2,70,,804,2,,,2,30,,805,2,,,2,70,,806,2,,,2,30,,807,2,,,2,70,,808,2,,,2,30,,809,2,,,2,70,,810,2,,,2,30,,811,2,,,2,70,,813,2,,,2,30,,814,2,,,2,70,,815,2,,,2,30,,816,2,,,2,70,,817,2,,,2,30,,818,2,,,2,70,,819,2,,,2,30,,820,2,,,2,70,,821,2,,,2
190005019,'VNJA',0,,829,2,,,2,530,,830,2,,,2,70,,831,2,,,2,30,,842,2,,,2,70,,849,2,,,2,30,,850,2,,,2,70,,851,2,,,2,30,,852,2,,,2,70,,853,2,,,2,30,,854,2,,,2,70,,855,2,,,2,30,,832,2,,,2,70,,833,2,,,2,30,,834,2,,,2,70,,835,2,,,2,30,,836,2,,,2,70,,837,2,,,2,30,,838,2,,,2,70,,839,2,,,2,30,,840,2,,,2,70,,841,2,,,2,30,,843,2,,,2,70,,844,2,,,2,30,,845,2,,,2,70,,846,2,,,2,30,,847,2,,,2,70,,848,2,,,2
190005019,'dim',0,,856,2,,,2,900,,857,2,,,2,30,,858,2,,,2,70,,868,2,,,2,30,,869,2,,,2,70,,870,2,,,2,30,,871,2,,,2,70,,872,2,,,2,30,,873,2,,,2,70,,874,2,,,2,30,,875,2,,,2,70,,859,2,,,2,30,,860,2,,,2,70,,861,2,,,2,30,,862,2,,,2,70,,863,2,,,2,30,,864,2,,,2,70,,865,2,,,2,30,,866,2,,,2,70,,867,2,,,2
190005019,'lun-ven',0,,876,2,,,2,530,,877,2,,,2,70,,878,2,,,2,30,,889,2,,,2,70,,900,2,,,2,30,,910,2,,,2,70,,911,2,,,2,30,,912,2,,,2,70,,913,2,,,2,30,,914,2,,,2,70,,915,2,,,2,30,,879,2,,,2,70,,880,2,,,2,30,,881,2,,,2,70,,882,2,,,2,30,,883,2,,,2,70,,884,2,,,2,30,,885,2,,,2,70,,886,2,,,2,30,,887,2,,,2,70,,888,2,,,2,30,,890,2,,,2,70,,891,2,,,2,30,,892,2,,,2,70,,893,2,,,2,30,,894,2,,,2,70,,895,2,,,2,30,,896,2,,,2,70,,897,2,,,2,30,,898,2,,,2,70,,899,2,,,2,30,,901,2,,,2,70,,902,2,,,2,30,,903,2,,,2,70,,904,2,,,2,30,,905,2,,,2,70,,906,2,,,2,30,,907,2,,,2,70,,908,2,,,2,30,,909,2,,,2
190005019,'sam',0,,916,2,,,2,800,,917,2,,,2,30,,918,2,,,2,70,,929,2,,,2,30,,931,2,,,2,70,,932,2,,,2,30,,933,2,,,2,70,,934,2,,,2,30,,935,2,,,2,70,,936,2,,,2,30,,937,2,,,2,70,,919,2,,,2,30,,920,2,,,2,70,,921,2,,,2,30,,922,2,,,2,70,,923,2,,,2,30,,924,2,,,2,70,,925,2,,,2,30,,926,2,,,2,70,,927,2,,,2,30,,928,2,,,2,70,,930,2,,,2
